# river=american model=basin-input/2 input=precipitation+snowmelt+humidity+fog rows=720
# water_year=2025-07-01/2026-06-30 station=USW00023225 station_name=BLUE_CANYON_NYACK_AIRPORT,_CA_US
# fog_baseline_mm_day=0.0500 fog_baseline_norm=0.00111597 fog_window_minutes=180-600 fog_source=https://pubs.usgs.gov/of/1975/0568/report.pdf
# units=input_mm_day norm=0..1 scaled=0..200
frame	input_mm_day	norm	scaled	high_variation
0	0.0500	0.001116	0.2232	0
1	0.0500	0.001116	0.2232	0
2	0.0500	0.001116	0.2232	0
3	0.0500	0.001116	0.2232	0
4	0.0500	0.001116	0.2232	0
5	0.0500	0.001116	0.2232	0
6	0.0500	0.001116	0.2232	0
7	0.0500	0.001116	0.2232	0
8	0.0500	0.001116	0.2232	0
9	0.0500	0.001116	0.2232	0
10	0.0500	0.001116	0.2232	0
11	0.0500	0.001116	0.2232	0
12	0.0500	0.001116	0.2232	0
13	0.0500	0.001116	0.2232	0
14	0.0500	0.001116	0.2232	0
15	0.0500	0.001116	0.2232	0
16	0.0500	0.001116	0.2232	0
17	0.0500	0.001116	0.2232	0
18	0.0500	0.001116	0.2232	0
19	0.0500	0.001116	0.2232	0
20	0.0500	0.001116	0.2232	0
21	0.0500	0.001116	0.2232	0
22	0.0500	0.001116	0.2232	0
23	0.0500	0.001116	0.2232	0
24	0.0500	0.001116	0.2232	0
25	0.0500	0.001116	0.2232	0
26	0.0500	0.001116	0.2232	0
27	0.0500	0.001116	0.2232	0
28	0.0500	0.001116	0.2232	0
29	0.0500	0.001116	0.2232	0
30	0.0500	0.001116	0.2232	0
31	0.0500	0.001116	0.2232	0
32	0.0500	0.001116	0.2232	0
33	0.0500	0.001116	0.2232	0
34	0.0500	0.001116	0.2232	0
35	0.0500	0.001116	0.2232	0
36	0.0500	0.001116	0.2232	0
37	0.0500	0.001116	0.2232	0
38	0.0500	0.001116	0.2232	0
39	0.0500	0.001116	0.2232	0
40	0.0500	0.001116	0.2232	0
41	0.0500	0.001116	0.2232	0
42	0.0500	0.001116	0.2232	0
43	0.0500	0.001116	0.2232	0
44	0.0500	0.001116	0.2232	0
45	0.0500	0.001116	0.2232	0
46	0.0500	0.001116	0.2232	0
47	0.0500	0.001116	0.2232	0
48	0.0500	0.001116	0.2232	0
49	0.0500	0.001116	0.2232	0
50	0.0500	0.001116	0.2232	0
51	0.0500	0.001116	0.2232	0
52	0.0500	0.001116	0.2232	0
53	0.0500	0.001116	0.2232	0
54	0.0500	0.001116	0.2232	0
55	0.0500	0.001116	0.2232	0
56	0.0504	0.001124	0.2249	0
57	0.0509	0.001137	0.2273	0
58	0.0510	0.001138	0.2277	0
59	0.0509	0.001136	0.2272	0
60	0.0508	0.001134	0.2269	0
61	0.0507	0.001132	0.2265	0
62	0.0507	0.001131	0.2262	0
63	0.0506	0.001129	0.2259	0
64	0.0505	0.001128	0.2256	0
65	0.0505	0.001127	0.2254	0
66	0.0504	0.001126	0.2252	0
67	0.0504	0.001125	0.2250	0
68	0.0504	0.001124	0.2248	0
69	0.0503	0.001123	0.2247	0
70	0.0503	0.001123	0.2245	0
71	0.0503	0.001122	0.2244	0
72	0.0502	0.001121	0.2243	0
73	0.0502	0.001121	0.2242	0
74	0.0502	0.001120	0.2241	0
75	0.0502	0.001120	0.2240	0
76	0.0502	0.001120	0.2239	0
77	0.0501	0.001119	0.2238	0
78	0.0501	0.001119	0.2238	0
79	0.0501	0.001119	0.2237	0
80	0.0501	0.001118	0.2237	0
81	0.0501	0.001118	0.2236	0
82	0.0501	0.001118	0.2236	0
83	0.0501	0.001118	0.2235	0
84	0.0501	0.001118	0.2235	0
85	0.0501	0.001117	0.2235	0
86	0.0501	0.001117	0.2235	0
87	0.0501	0.001117	0.2234	0
88	0.0500	0.001117	0.2234	0
89	0.0500	0.001117	0.2234	0
90	0.0500	0.001117	0.2234	0
91	0.0512	0.001143	0.2286	0
92	0.0598	0.001334	0.2668	0
93	0.0667	0.001489	0.2977	0
94	0.0651	0.001454	0.2908	0
95	0.0636	0.001420	0.2841	0
96	0.0624	0.001392	0.2784	0
97	0.0611	0.001365	0.2729	0
98	0.0601	0.001341	0.2682	0
99	0.0591	0.001319	0.2638	0
100	0.0582	0.001300	0.2600	0
101	0.0574	0.001282	0.2563	0
102	0.0567	0.001266	0.2532	0
103	0.0561	0.001251	0.2503	0
104	0.0555	0.001239	0.2477	0
105	0.0550	0.001226	0.2453	0
106	0.0545	0.001216	0.2432	0
107	0.0946	0.002112	0.4225	0
108	0.2154	0.004807	0.9614	0
109	0.2947	0.006578	1.3155	0
110	0.3004	0.006704	1.3409	0
111	0.2949	0.006582	1.3165	0
112	0.2716	0.006062	1.2125	0
113	0.2500	0.005581	1.1162	0
114	0.2310	0.005155	1.0310	0
115	0.2134	0.004763	0.9526	0
116	0.1978	0.004414	0.8829	0
117	0.1835	0.004095	0.8190	0
118	0.1707	0.003809	0.7619	0
119	0.1590	0.003549	0.7098	0
120	0.1485	0.003315	0.6631	0
121	0.1390	0.003103	0.6207	0
122	0.1305	0.002912	0.5824	0
123	0.8179	0.018255	3.6510	0
124	2.1152	0.047210	9.4420	0
125	2.5539	0.057003	11.4005	0
126	2.3118	0.051597	10.3195	0
127	2.0952	0.046763	9.3525	0
128	1.8969	0.042337	8.4674	0
129	1.7204	0.038399	7.6797	0
130	1.5581	0.034775	6.9551	0
131	1.4143	0.031567	6.3134	0
132	1.2814	0.028601	5.7201	0
133	1.1642	0.025985	5.1971	0
134	1.0553	0.023554	4.7107	0
135	0.9599	0.021424	4.2849	0
136	0.8708	0.019436	3.8873	0
137	0.7932	0.017703	3.5406	0
138	0.7202	0.016075	3.2150	0
139	0.7114	0.015879	3.1758	0
140	0.7263	0.016210	3.2420	0
141	0.6828	0.015239	3.0477	0
142	0.6204	0.013846	2.7692	0
143	0.5668	0.012650	2.5301	0
144	0.5157	0.011510	2.3021	0
145	0.4721	0.010537	2.1073	0
146	0.4303	0.009603	1.9206	0
147	0.3947	0.008810	1.7620	0
148	0.3605	0.008046	1.6091	0
149	0.3300	0.007365	1.4730	0
150	0.3001	0.006699	1.3398	0
151	0.2763	0.006166	1.2332	0
152	0.2532	0.005652	1.1304	0
153	0.2343	0.005230	1.0461	0
154	0.2159	0.004819	0.9637	0
155	0.2006	0.004476	0.8952	0
156	0.1854	0.004139	0.8278	0
157	0.2011	0.004488	0.8976	0
158	0.2182	0.004871	0.9742	0
159	0.2035	0.004542	0.9083	0
160	0.1880	0.004196	0.8393	0
161	0.1753	0.003914	0.7827	0
162	0.1627	0.003632	0.7264	0
163	0.1524	0.003401	0.6801	0
164	0.1411	0.003149	0.6297	0
165	0.1130	0.002523	0.5045	0
166	0.0869	0.001939	0.3878	0
167	0.0835	0.001863	0.3725	0
168	0.0801	0.001788	0.3576	0
169	0.0773	0.001726	0.3452	0
170	0.0746	0.001665	0.3330	0
171	0.0723	0.001614	0.3228	0
172	0.0701	0.001564	0.3129	0
173	0.0682	0.001523	0.3045	0
174	0.0664	0.001482	0.2965	0
175	0.0649	0.001448	0.2896	0
176	0.0634	0.001415	0.2830	0
177	0.0622	0.001387	0.2774	0
178	0.1837	0.004099	0.8199	0
179	0.7274	0.016235	3.2471	0
180	1.3605	0.030366	6.0732	0
181	2.2618	0.050482	10.0964	0
182	4.1643	0.092944	18.5887	0
183	8.7098	0.194398	38.8796	0
184	11.7397	0.262024	52.4047	0
185	11.2238	0.250509	50.1017	0
186	10.5536	0.235551	47.1102	0
187	9.5619	0.213416	42.6831	0
188	8.6325	0.192673	38.5346	0
189	7.8196	0.174529	34.9058	0
190	7.0615	0.157608	31.5216	0
191	6.3952	0.142737	28.5474	0
192	5.7770	0.128940	25.7879	0
193	5.2315	0.116764	23.3529	0
194	4.7278	0.105523	21.1045	0
195	4.2812	0.095554	19.1109	0
196	3.8709	0.086395	17.2790	0
197	3.5052	0.078234	15.6468	0
198	3.1706	0.070767	14.1534	0
199	2.8708	0.064075	12.8150	0
200	2.5988	0.058005	11.6009	0
201	2.3550	0.052563	10.5126	0
202	2.1336	0.047622	9.5243	0
203	1.9328	0.043139	8.6278	0
204	1.7699	0.039503	7.9005	0
205	1.6384	0.036568	7.3135	0
206	2.5297	0.056460	11.2921	0
207	4.1880	0.093474	18.6948	0
208	4.7235	0.105425	21.0849	0
209	4.4982	0.100397	20.0794	0
210	4.1642	0.092943	18.5886	0
211	3.7638	0.084007	16.8014	0
212	3.4103	0.076117	15.2233	0
213	3.0825	0.068800	13.7601	0
214	2.7946	0.062373	12.4746	0
215	2.5262	0.056383	11.2766	0
216	2.2922	0.051160	10.2321	0
217	2.0733	0.046274	9.2549	0
218	1.8823	0.042013	8.4025	0
219	1.7023	0.037994	7.5988	0
220	1.5405	0.034382	6.8765	0
221	1.3849	0.030910	6.1820	0
222	1.2672	0.028284	5.6568	0
223	1.1610	0.025912	5.1823	0
224	1.0025	0.022374	4.4748	0
225	0.8304	0.018534	3.7068	0
226	0.7359	0.016425	3.2850	0
227	0.6586	0.014699	2.9399	0
228	1.4440	0.032229	6.4458	0
229	2.3895	0.053333	10.6666	0
230	4.6421	0.103609	20.7218	0
231	7.0932	0.158316	31.6631	0
232	6.7572	0.150816	30.1633	0
233	6.0867	0.135852	27.1705	0
234	5.5278	0.123377	24.6755	0
235	4.9789	0.111126	22.2252	0
236	4.5237	0.100967	20.1934	0
237	4.0743	0.090937	18.1873	0
238	3.7039	0.082669	16.5338	0
239	3.3362	0.074461	14.8922	0
240	3.0343	0.067724	13.5449	0
241	2.7339	0.061020	12.2040	0
242	2.4872	0.055514	11.1027	0
243	2.2424	0.050049	10.0098	0
244	2.0404	0.045541	9.1083	0
245	1.8409	0.041087	8.2174	0
246	1.6750	0.037385	7.4771	0
247	1.5095	0.033691	6.7382	0
248	1.3473	0.030071	6.0141	0
249	1.8384	0.041031	8.2062	0
250	7.3378	0.163776	32.7552	0
251	11.9123	0.265875	53.1750	0
252	10.8095	0.241262	48.2524	0
253	9.7445	0.217492	43.4984	0
254	8.8710	0.197995	39.5990	0
255	8.0219	0.179044	35.8088	0
256	7.2774	0.162426	32.4853	0
257	6.5618	0.146455	29.2909	0
258	5.9522	0.132849	26.5698	0
259	5.3691	0.119835	23.9670	0
260	4.8704	0.108705	21.7409	0
261	4.3957	0.098109	19.6219	0
262	3.9879	0.089008	17.8017	0
263	3.6094	0.080559	16.1118	0
264	3.3028	0.073717	14.7434	0
265	5.3249	0.118848	23.7696	0
266	12.4535	0.277955	55.5910	0
267	16.8660	0.376439	75.2877	0
268	15.9565	0.356140	71.2279	0
269	15.0168	0.335165	67.0330	0
270	14.0238	0.313002	62.6005	0
271	14.0340	0.313231	62.6461	0
272	15.6309	0.348871	69.7742	0
273	16.8907	0.376991	75.3981	0
274	17.6698	0.394380	78.8760	1
275	17.3847	0.388016	77.6033	0
276	15.7275	0.351028	70.2056	0
277	14.2245	0.317482	63.4964	0
278	12.9014	0.287951	57.5903	0
279	12.1203	0.270518	54.1037	0
280	11.9119	0.265866	53.1732	0
281	11.2585	0.251283	50.2566	0
282	10.1793	0.227196	45.4392	0
283	9.2049	0.205448	41.0896	0
284	8.3213	0.185727	37.1454	0
285	7.5275	0.168010	33.6019	0
286	6.8041	0.151863	30.3727	0
287	6.1574	0.137430	27.4860	0
288	5.5651	0.124211	24.8421	0
289	5.0387	0.112461	22.4922	0
290	4.5544	0.101652	20.3303	0
291	4.0726	0.090897	18.1795	0
292	3.5921	0.080175	16.0349	0
293	3.2241	0.071959	14.3918	0
294	2.9140	0.065039	13.0079	0
295	2.6421	0.058971	11.7941	0
296	2.3878	0.053295	10.6591	0
297	2.1666	0.048356	9.6712	0
298	1.9588	0.043719	8.7439	0
299	1.7787	0.039699	7.9398	0
300	1.6086	0.035903	7.1806	0
301	1.4619	0.032628	6.5256	0
302	1.3226	0.029520	5.9040	0
303	1.2031	0.026853	5.3705	0
304	1.0891	0.024308	4.8615	0
305	0.9916	0.022132	4.4265	0
306	0.8981	0.020045	4.0090	0
307	0.7287	0.016264	3.2527	0
308	0.5440	0.012141	2.4283	0
309	0.4723	0.010542	2.1084	0
310	0.4195	0.009362	1.8725	0
311	0.3782	0.008441	1.6881	0
312	0.3384	0.007553	1.5106	0
313	0.2721	0.006073	1.2145	0
314	0.2030	0.004531	0.9062	0
315	0.1542	0.003442	0.6884	0
316	0.1069	0.002386	0.4771	0
317	0.1000	0.002232	0.4464	0
318	0.0950	0.002120	0.4239	0
319	0.0906	0.002023	0.4045	0
320	0.0862	0.001924	0.3848	0
321	0.0693	0.001546	0.3091	0
322	0.0528	0.001179	0.2357	0
323	0.0528	0.001178	0.2355	0
324	0.0527	0.001177	0.2353	0
325	0.0526	0.001174	0.2348	0
326	0.0525	0.001172	0.2343	0
327	0.0523	0.001167	0.2335	0
328	0.0521	0.001163	0.2326	0
329	0.0519	0.001159	0.2319	0
330	0.2144	0.004785	0.9569	0
331	1.4734	0.032885	6.5770	0
332	3.1589	0.070504	14.1009	0
333	7.1901	0.160479	32.0957	0
334	10.3302	0.230563	46.1126	0
335	9.3711	0.209156	41.8312	0
336	9.2133	0.205636	41.1272	0
337	12.1962	0.272212	54.4423	0
338	15.0351	0.335574	67.1148	0
339	17.3865	0.388057	77.6114	0
340	22.7264	0.500558	100.1117	1
341	36.9015	0.790505	158.1011	1
342	47.7323	1.000000	200.0000	1
343	49.8550	1.000000	200.0000	1
344	50.1426	0.995663	199.1327	1
345	46.1927	0.981313	196.2626	1
346	44.1179	0.976346	195.2691	1
347	45.9039	0.990696	198.1392	1
348	47.6001	1.000000	200.0000	1
349	49.1305	1.000000	200.0000	1
350	48.3592	0.983941	196.7882	1
351	43.7741	0.941274	188.2548	0
352	39.6511	0.884989	176.9978	0
353	36.2183	0.808370	161.6741	0
354	33.1985	0.740971	148.1942	0
355	30.7357	0.686003	137.2006	0
356	28.8833	0.644658	128.9317	0
357	27.7753	0.619928	123.9857	0
358	26.0521	0.581467	116.2935	0
359	23.6497	0.527847	105.5694	1
360	21.7748	0.486000	97.2000	1
361	20.4273	0.455926	91.1852	1
362	21.5071	0.480026	96.0053	1
363	24.7854	0.553196	110.6391	1
364	25.5406	0.570052	114.0103	0
365	24.2269	0.540731	108.1462	0
366	24.2880	0.542094	108.4188	0
367	25.3687	0.566213	113.2427	0
368	28.2727	0.631029	126.2058	0
369	32.3979	0.723101	144.6201	0
370	32.6350	0.728394	145.6788	0
371	30.5257	0.681316	136.2631	0
372	28.0037	0.625026	125.0052	0
373	25.2579	0.563740	112.7481	0
374	23.2937	0.519902	103.9803	0
375	21.7093	0.484537	96.9075	0
376	19.8763	0.443627	88.7255	1
377	17.9358	0.400315	80.0631	1
378	16.5294	0.368926	73.7851	1
379	15.3281	0.342114	68.4229	0
380	13.9564	0.311499	62.2998	0
381	12.5271	0.279597	55.9194	0
382	11.1559	0.248994	49.7988	0
383	9.8020	0.218775	43.7550	0
384	8.7569	0.195449	39.0897	0
385	7.7906	0.173881	34.7762	0
386	7.0382	0.157089	31.4177	0
387	6.3324	0.141334	28.2669	0
388	5.6714	0.126582	25.3164	0
389	5.0186	0.112012	22.4023	0
390	4.4676	0.099714	19.9428	0
391	3.9317	0.087754	17.5508	0
392	3.5613	0.079485	15.8971	0
393	3.2101	0.071647	14.3294	0
394	2.9131	0.065019	13.0038	0
395	2.6208	0.058496	11.6991	0
396	2.3737	0.052979	10.5958	0
397	2.1291	0.047521	9.5042	0
398	1.9143	0.042727	8.5453	0
399	1.7005	0.037953	7.5906	0
400	1.5480	0.034551	6.9103	0
401	1.3963	0.031165	6.2330	0
402	1.2626	0.028180	5.6361	0
403	1.1270	0.025154	5.0309	0
404	0.9512	0.021229	4.2458	0
405	0.7817	0.017446	3.4893	0
406	0.6987	0.015595	3.1191	0
407	0.6141	0.013706	2.7412	0
408	0.5128	0.011444	2.2889	0
409	0.4078	0.009103	1.8206	0
410	0.2763	0.006166	1.2333	0
411	0.1599	0.003568	0.7137	0
412	0.1344	0.003001	0.6001	0
413	0.1482	0.003308	0.6615	0
414	0.3566	0.007960	1.5920	0
415	0.5415	0.012085	2.4170	0
416	0.6270	0.013993	2.7987	0
417	0.6811	0.015201	3.0402	0
418	0.6219	0.013881	2.7763	0
419	0.5638	0.012583	2.5166	0
420	0.5087	0.011354	2.2708	0
421	0.4581	0.010224	2.0448	0
422	0.4197	0.009367	1.8734	0
423	0.3833	0.008556	1.7111	0
424	0.3519	0.007854	1.5708	0
425	0.3223	0.007193	1.4386	0
426	0.2965	0.006619	1.3237	0
427	0.2724	0.006080	1.2159	0
428	0.2513	0.005609	1.1219	0
429	0.2317	0.005170	1.0341	0
430	0.2144	0.004785	0.9570	0
431	0.1984	0.004427	0.8855	0
432	0.1842	0.004112	0.8224	0
433	0.1715	0.003827	0.7653	0
434	0.1605	0.003583	0.7166	0
435	0.1502	0.003352	0.6705	0
436	0.1406	0.003138	0.6277	0
437	0.1318	0.002943	0.5885	0
438	0.1240	0.002767	0.5535	0
439	0.1168	0.002608	0.5216	0
440	0.1104	0.002465	0.4929	0
441	0.7268	0.016222	3.2444	0
442	1.9327	0.043137	8.6274	0
443	3.0473	0.068014	13.6029	0
444	4.0837	0.091146	18.2292	0
445	4.3203	0.096426	19.2853	0
446	3.9365	0.087861	17.5722	0
447	3.5772	0.079841	15.9683	0
448	3.2350	0.072204	14.4409	0
449	2.9482	0.065802	13.1604	0
450	2.6963	0.060180	12.0360	0
451	2.7405	0.061167	12.2335	0
452	2.9533	0.065915	13.1831	0
453	2.8469	0.063542	12.7084	0
454	2.5777	0.057533	11.5067	0
455	2.3392	0.052210	10.4420	0
456	2.1147	0.047199	9.4398	0
457	1.9217	0.042891	8.5782	0
458	1.7415	0.038869	7.7737	0
459	1.5869	0.035418	7.0836	0
460	1.4414	0.032172	6.4344	0
461	1.3129	0.029303	5.8607	0
462	1.1897	0.026553	5.3105	0
463	1.0830	0.024172	4.8343	0
464	0.9808	0.021892	4.3783	0
465	1.5449	0.034481	6.8963	0
466	2.2648	0.050550	10.1099	0
467	3.5507	0.079250	15.8501	0
468	4.9484	0.110445	22.0890	0
469	11.2202	0.250427	50.0854	0
470	18.2861	0.408135	81.6270	0
471	20.5194	0.457981	91.5962	1
472	22.1224	0.493758	98.7516	1
473	22.4363	0.500765	100.1531	1
474	22.6218	0.504904	100.9809	1
475	23.2007	0.517825	103.5650	1
476	23.8073	0.531365	106.2730	1
477	24.1858	0.539813	107.9625	1
478	24.5545	0.548042	109.6083	0
479	23.4597	0.523607	104.7213	0
480	22.3430	0.498683	99.7366	0
481	21.5431	0.480829	96.1658	0
482	20.7334	0.462756	92.5513	0
483	19.6360	0.438263	87.6527	0
484	18.5026	0.412967	82.5934	0
485	16.7812	0.374546	74.9093	0
486	15.0871	0.336734	67.3468	0
487	13.6962	0.305691	61.1381	0
488	12.3324	0.275251	55.0502	0
489	11.1940	0.249844	49.9688	0
490	10.0828	0.225043	45.0086	0
491	9.1504	0.204232	40.8464	0
492	8.2435	0.183990	36.7980	0
493	7.4738	0.166811	33.3623	0
494	6.7307	0.150224	30.0448	0
495	6.1071	0.136308	27.2616	0
496	5.5069	0.122911	24.5822	0
497	4.9965	0.111518	22.3036	0
498	4.5073	0.100601	20.1201	0
499	4.0893	0.091272	18.2543	0
500	3.6907	0.082375	16.4750	0
501	3.3485	0.074737	14.9474	0
502	3.0237	0.067487	13.4974	0
503	2.7436	0.061235	12.2470	0
504	2.4790	0.055329	11.0658	0
505	2.2496	0.050211	10.0421	0
506	2.0301	0.045310	9.0619	0
507	1.8302	0.040850	8.1700	0
508	1.6390	0.036581	7.3162	0
509	1.4633	0.032660	6.5319	0
510	1.2660	0.028256	5.6512	0
511	1.0333	0.023063	4.6127	0
512	0.8430	0.018816	3.7632	0
513	0.7153	0.015965	3.1929	0
514	0.6047	0.013496	2.6992	0
515	0.5170	0.011538	2.3077	0
516	0.4334	0.009673	1.9345	0
517	0.3547	0.007918	1.5836	0
518	0.2839	0.006335	1.2671	0
519	0.2214	0.004941	0.9883	0
520	0.1753	0.003914	0.7827	0
521	0.1455	0.003248	0.6496	0
522	0.1176	0.002625	0.5251	0
523	0.0915	0.002041	0.4083	0
524	0.0714	0.001594	0.3189	0
525	0.0564	0.001258	0.2516	0
526	0.0500	0.001116	0.2232	0
527	0.0500	0.001116	0.2232	0
528	0.0500	0.001116	0.2232	0
529	0.0500	0.001116	0.2232	0
530	0.0500	0.001116	0.2232	0
531	0.0500	0.001116	0.2232	0
532	0.0500	0.001116	0.2232	0
533	0.0500	0.001116	0.2232	0
534	0.0500	0.001116	0.2232	0
535	0.0500	0.001116	0.2232	0
536	0.0500	0.001116	0.2232	0
537	0.0500	0.001116	0.2232	0
538	3.5164	0.078484	15.6968	0
539	8.2958	0.185158	37.0316	0
540	14.8050	0.330439	66.0878	0
541	21.8908	0.488589	97.7178	1
542	22.4270	0.500558	100.1116	1
543	21.0588	0.470021	94.0041	1
544	19.2633	0.429945	85.9889	1
545	17.3605	0.387476	77.4951	1
546	15.7420	0.351351	70.2703	1
547	14.1841	0.316581	63.3162	1
548	12.8660	0.287161	57.4321	1
549	11.5905	0.258693	51.7386	1
550	10.5170	0.234733	46.9466	0
551	9.4727	0.211426	42.2852	0
552	8.5985	0.191914	38.3828	0
553	7.7435	0.172831	34.5663	0
554	7.0316	0.156942	31.3883	0
555	6.3316	0.141318	28.2637	0
556	5.7784	0.128970	25.7941	0
557	5.2332	0.116803	23.3605	0
558	7.5216	0.167877	33.5753	0
559	9.8899	0.220737	44.1474	0
560	14.7558	0.329341	65.8682	0
561	19.4824	0.434835	86.9670	0
562	17.7030	0.395120	79.0239	0
563	15.9724	0.356495	71.2990	1
564	15.2395	0.340136	68.0271	1
565	14.5211	0.324103	64.8206	1
566	13.9932	0.312320	62.4641	1
567	13.5238	0.301843	60.3686	1
568	13.6040	0.303633	60.7266	0
569	13.6529	0.304724	60.9448	0
570	13.4740	0.300731	60.1462	0
571	13.1628	0.293786	58.7571	0
572	12.0753	0.269515	53.9029	0
573	10.9993	0.245497	49.0994	0
574	9.9785	0.222714	44.5428	0
575	8.9938	0.200737	40.1474	0
576	8.1581	0.182084	36.4168	0
577	7.3557	0.164174	32.8348	0
578	6.6714	0.148902	29.7805	0
579	6.9959	0.156144	31.2287	0
580	10.4370	0.232947	46.5893	0
581	13.0602	0.291495	58.2991	0
582	13.4635	0.300498	60.0995	0
583	13.3753	0.298529	59.7057	0
584	12.1065	0.270210	54.0419	0
585	10.9147	0.243610	48.7220	0
586	9.8876	0.220686	44.1372	0
587	8.9245	0.199189	39.8378	0
588	8.0836	0.180421	36.0841	0
589	7.5612	0.168762	33.7524	0
590	7.5857	0.169307	33.8615	0
591	7.8297	0.174755	34.9509	0
592	8.4132	0.187777	37.5555	0
593	8.4312	0.188179	37.6358	0
594	7.6605	0.170977	34.1954	0
595	6.9392	0.154878	30.9756	0
596	6.2802	0.140171	28.0341	0
597	5.6768	0.126704	25.3408	0
598	5.1369	0.114653	22.9306	0
599	4.6244	0.103213	20.6426	0
600	4.1401	0.092404	18.4809	0
601	3.6786	0.082103	16.4207	0
602	3.2383	0.072277	14.4555	0
603	2.9384	0.065583	13.1166	0
604	2.7574	0.061543	12.3086	0
605	3.9304	0.087725	17.5450	0
606	6.1420	0.137086	27.4172	0
607	6.6620	0.148691	29.7383	0
608	6.0096	0.134131	26.8262	0
609	5.4242	0.121064	24.2128	0
610	4.8806	0.108931	21.7862	0
611	4.4024	0.098258	19.6516	0
612	3.9610	0.088406	17.6812	0
613	3.5821	0.079951	15.9902	0
614	3.2348	0.072200	14.4399	0
615	2.9323	0.065447	13.0895	0
616	2.6499	0.059145	11.8290	0
617	2.4041	0.053659	10.7317	0
618	2.1729	0.048499	9.6997	0
619	1.9727	0.044030	8.8059	0
620	1.7834	0.039805	7.9610	0
621	1.5737	0.035124	7.0248	0
622	1.3577	0.030302	6.0604	0
623	1.2005	0.026794	5.3587	0
624	1.0591	0.023638	4.7276	0
625	0.9593	0.021411	4.2823	0
626	0.8691	0.019399	3.8798	0
627	0.7927	0.017692	3.5384	0
628	0.7188	0.016044	3.2088	0
629	0.6565	0.014654	2.9308	0
630	0.5961	0.013305	2.6609	0
631	0.5383	0.012014	2.4027	0
632	0.4808	0.010730	2.1460	0
633	0.4226	0.009432	1.8865	0
634	0.3644	0.008133	1.6267	0
635	0.3336	0.007446	1.4892	0
636	0.3047	0.006800	1.3601	0
637	0.2812	0.006276	1.2552	0
638	0.2579	0.005757	1.1514	0
639	0.2388	0.005330	1.0661	0
640	0.2198	0.004906	0.9812	0
641	0.2042	0.004558	0.9115	0
642	0.1887	0.004212	0.8424	0
643	0.1759	0.003927	0.7853	0
644	0.1632	0.003643	0.7286	0
645	0.1514	0.003378	0.6757	0
646	0.1367	0.003050	0.6101	0
647	0.0914	0.002040	0.4081	0
648	0.1576	0.003517	0.7035	0
649	1.1264	0.025140	5.0281	0
650	1.9663	0.043888	8.7775	0
651	1.9780	0.044147	8.8294	0
652	2.1526	0.048044	9.6089	0
653	3.1871	0.071133	14.2267	0
654	3.9867	0.088980	17.7961	0
655	3.7452	0.083590	16.7179	0
656	3.4869	0.077826	15.5652	0
657	3.1654	0.070649	14.1297	0
658	2.8574	0.063775	12.7551	0
659	2.5941	0.057899	11.5799	0
660	2.3432	0.052298	10.4596	0
661	2.1276	0.047487	9.4975	0
662	1.9231	0.042923	8.5846	0
663	1.7467	0.038984	7.7968	0
664	1.5800	0.035265	7.0530	0
665	1.4355	0.032040	6.4080	0
666	1.2997	0.029010	5.8019	0
667	1.1814	0.026369	5.2738	0
668	1.0708	0.023900	4.7800	0
669	0.9740	0.021738	4.3476	0
670	0.8838	0.019726	3.9452	0
671	0.8045	0.017956	3.5912	0
672	0.7310	0.016316	3.2633	0
673	0.6661	0.014867	2.9733	0
674	0.7067	0.015773	3.1545	0
675	0.8864	0.019785	3.9570	0
676	0.9451	0.021095	4.2190	0
677	0.8594	0.019181	3.8362	0
678	0.7811	0.017434	3.4869	0
679	0.7109	0.015868	3.1736	0
680	0.6472	0.014445	2.8889	0
681	0.5897	0.013162	2.6324	0
682	0.5378	0.012003	2.4005	0
683	0.4907	0.010953	2.1905	0
684	0.4484	0.010008	2.0016	0
685	0.4099	0.009148	1.8296	0
686	0.3754	0.008379	1.6757	0
687	0.3439	0.007675	1.5350	0
688	0.3158	0.007048	1.4096	0
689	0.2900	0.006472	1.2943	0
690	0.2579	0.005757	1.1514	0
691	0.2223	0.004961	0.9922	0
692	0.1985	0.004430	0.8860	0
693	0.1810	0.004040	0.8080	0
694	0.1552	0.003465	0.6930	0
695	0.1256	0.002802	0.5604	0
696	0.1308	0.002919	0.5838	0
697	0.1508	0.003365	0.6730	0
698	0.1491	0.003328	0.6655	0
699	0.1393	0.003110	0.6220	0
700	0.1309	0.002922	0.5845	0
701	0.1230	0.002744	0.5489	0
702	0.1161	0.002591	0.5183	0
703	0.1096	0.002445	0.4891	0
704	0.1040	0.002321	0.4642	0
705	0.0986	0.002202	0.4403	0
706	0.0941	0.002100	0.4200	0
707	0.0897	0.002002	0.4005	0
708	0.0860	0.001920	0.3839	0
709	0.0824	0.001840	0.3679	0
710	0.1046	0.002336	0.4671	0
711	0.1305	0.002913	0.5826	0
712	0.1262	0.002817	0.5633	0
713	0.1186	0.002647	0.5293	0
714	0.1122	0.002505	0.5010	0
715	0.1060	0.002366	0.4731	0
716	0.0975	0.002176	0.4352	0
717	0.0889	0.001984	0.3968	0
718	0.0852	0.001902	0.3804	0
719	0.0817	0.001823	0.3646	0
