# river=cottonwood model=basin-input/2 input=precipitation+snowmelt+humidity+fog rows=720
# water_year=2025-07-01/2026-06-30 station=USW00024216 station_name=RED_BLUFF_MUNICIPAL_AIRPORT,_CA_US
# fog_baseline_mm_day=0.0500 fog_baseline_norm=0.00461369 fog_window_minutes=180-600 fog_source=https://pubs.usgs.gov/of/1975/0568/report.pdf
# units=input_mm_day norm=0..1 scaled=0..200
frame	input_mm_day	norm	scaled	high_variation
0	0.0500	0.004614	0.9227	0
1	0.0500	0.004614	0.9227	0
2	0.0500	0.004614	0.9227	0
3	0.0500	0.004614	0.9227	0
4	0.0500	0.004614	0.9227	0
5	0.0500	0.004614	0.9227	0
6	0.0500	0.004614	0.9227	0
7	0.0500	0.004614	0.9227	0
8	0.0500	0.004614	0.9227	0
9	0.0500	0.004614	0.9227	0
10	0.0500	0.004614	0.9227	0
11	0.0500	0.004614	0.9227	0
12	0.0500	0.004614	0.9227	0
13	0.0500	0.004614	0.9227	0
14	0.0500	0.004614	0.9227	0
15	0.0500	0.004614	0.9227	0
16	0.0500	0.004614	0.9227	0
17	0.0500	0.004614	0.9227	0
18	0.0500	0.004614	0.9227	0
19	0.0500	0.004614	0.9227	0
20	0.0500	0.004614	0.9227	0
21	0.0500	0.004614	0.9227	0
22	0.0500	0.004614	0.9227	0
23	0.0500	0.004614	0.9227	0
24	0.0500	0.004614	0.9227	0
25	0.0500	0.004614	0.9227	0
26	0.0500	0.004614	0.9227	0
27	0.0500	0.004614	0.9227	0
28	0.0500	0.004614	0.9227	0
29	0.0500	0.004614	0.9227	0
30	0.0500	0.004614	0.9227	0
31	0.0500	0.004614	0.9227	0
32	0.0500	0.004614	0.9227	0
33	0.0500	0.004614	0.9227	0
34	0.0500	0.004614	0.9227	0
35	0.0500	0.004614	0.9227	0
36	0.0500	0.004614	0.9227	0
37	0.0500	0.004614	0.9227	0
38	0.0500	0.004614	0.9227	0
39	0.0500	0.004614	0.9227	0
40	0.0500	0.004614	0.9227	0
41	0.0500	0.004614	0.9227	0
42	0.0500	0.004614	0.9227	0
43	0.0500	0.004614	0.9227	0
44	0.0500	0.004614	0.9227	0
45	0.0500	0.004614	0.9227	0
46	0.0500	0.004614	0.9227	0
47	0.0500	0.004614	0.9227	0
48	0.0500	0.004614	0.9227	0
49	0.0500	0.004614	0.9227	0
50	0.0500	0.004614	0.9227	0
51	0.0500	0.004614	0.9227	0
52	0.0500	0.004614	0.9227	0
53	0.0500	0.004614	0.9227	0
54	0.0500	0.004614	0.9227	0
55	0.0500	0.004614	0.9227	0
56	0.0500	0.004614	0.9227	0
57	0.0500	0.004614	0.9227	0
58	0.0500	0.004614	0.9227	0
59	0.0500	0.004614	0.9227	0
60	0.0500	0.004614	0.9227	0
61	0.0500	0.004614	0.9227	0
62	0.0500	0.004614	0.9227	0
63	0.0500	0.004614	0.9227	0
64	0.0500	0.004614	0.9227	0
65	0.0500	0.004614	0.9227	0
66	0.0500	0.004614	0.9227	0
67	0.0500	0.004614	0.9227	0
68	0.0500	0.004614	0.9227	0
69	0.0500	0.004614	0.9227	0
70	0.0500	0.004614	0.9227	0
71	0.0500	0.004614	0.9227	0
72	0.0500	0.004614	0.9227	0
73	0.0500	0.004614	0.9227	0
74	0.0500	0.004614	0.9227	0
75	0.0500	0.004614	0.9227	0
76	0.0500	0.004614	0.9227	0
77	0.0500	0.004614	0.9227	0
78	0.0500	0.004614	0.9227	0
79	0.0500	0.004614	0.9227	0
80	0.0500	0.004614	0.9227	0
81	0.0500	0.004614	0.9227	0
82	0.0500	0.004614	0.9227	0
83	0.0500	0.004614	0.9227	0
84	0.0500	0.004614	0.9227	0
85	0.0500	0.004614	0.9227	0
86	0.0500	0.004614	0.9227	0
87	0.0500	0.004614	0.9227	0
88	0.0500	0.004614	0.9227	0
89	0.0500	0.004614	0.9227	0
90	0.0500	0.004614	0.9227	0
91	0.0500	0.004614	0.9227	0
92	0.0500	0.004614	0.9227	0
93	0.0500	0.004614	0.9227	0
94	0.0500	0.004614	0.9227	0
95	0.0500	0.004614	0.9227	0
96	0.0500	0.004614	0.9227	0
97	0.0500	0.004614	0.9227	0
98	0.0500	0.004614	0.9227	0
99	0.0500	0.004614	0.9227	0
100	0.0500	0.004614	0.9227	0
101	0.0500	0.004614	0.9227	0
102	0.0500	0.004614	0.9227	0
103	0.0500	0.004614	0.9227	0
104	0.0500	0.004614	0.9227	0
105	0.0500	0.004614	0.9227	0
106	0.0500	0.004614	0.9227	0
107	0.0594	0.005478	1.0956	0
108	0.0873	0.008057	1.6114	0
109	0.2040	0.018821	3.7643	0
110	0.4784	0.044144	8.8289	0
111	0.6262	0.057782	11.5565	0
112	0.5714	0.052725	10.5449	0
113	0.5206	0.048042	9.6084	0
114	0.4758	0.043901	8.7802	0
115	0.4344	0.040086	8.0172	0
116	0.3977	0.036696	7.3391	0
117	0.3640	0.033587	6.7175	0
118	0.3339	0.030812	6.1623	0
119	0.3065	0.028279	5.6558	0
120	0.2818	0.026007	5.2013	0
121	0.2595	0.023943	4.7887	0
122	0.2393	0.022083	4.4165	0
123	0.2211	0.020402	4.0804	0
124	0.2046	0.018878	3.7757	0
125	0.1898	0.017509	3.5018	0
126	0.1762	0.016262	3.2524	0
127	0.1641	0.015146	3.0293	0
128	0.1531	0.014125	2.8250	0
129	0.1432	0.013216	2.6433	0
130	0.1342	0.012380	2.4761	0
131	0.1261	0.011640	2.3280	0
132	0.1187	0.010956	2.1911	0
133	0.1122	0.010353	2.0705	0
134	0.1061	0.009792	1.9584	0
135	0.1008	0.009301	1.8602	0
136	0.0958	0.008842	1.7684	0
137	0.0915	0.008442	1.6884	0
138	0.0874	0.008066	1.6133	0
139	0.2541	0.023446	4.6892	0
140	0.4837	0.044631	8.9261	0
141	0.5059	0.046677	9.3353	0
142	0.4609	0.042529	8.5058	0
143	0.4223	0.038968	7.7936	0
144	0.3855	0.035572	7.1144	0
145	0.3541	0.032672	6.5344	0
146	0.3239	0.029892	5.9783	0
147	0.2983	0.027530	5.5059	0
148	0.2737	0.025253	5.0506	0
149	0.2525	0.023296	4.6593	0
150	0.2319	0.021394	4.2788	0
151	0.2112	0.019489	3.8978	0
152	0.1906	0.017583	3.5167	0
153	0.1771	0.016340	3.2679	0
154	0.1644	0.015166	3.0332	0
155	0.1538	0.014190	2.8381	0
156	0.1434	0.013230	2.6459	0
157	0.1366	0.012609	2.5217	0
158	0.1301	0.012004	2.4008	0
159	0.1228	0.011329	2.2658	0
160	0.1154	0.010652	2.1304	0
161	0.1094	0.010098	2.0196	0
162	0.1035	0.009546	1.9093	0
163	0.0985	0.009092	1.8185	0
164	0.0937	0.008643	1.7286	0
165	0.0896	0.008271	1.6543	0
166	0.0857	0.007905	1.5810	0
167	0.0824	0.007601	1.5202	0
168	0.0791	0.007302	1.4605	0
169	0.0764	0.007053	1.4106	0
170	0.0738	0.006810	1.3620	0
171	0.0716	0.006606	1.3212	0
172	0.0694	0.006408	1.2815	0
173	0.0676	0.006241	1.2481	0
174	0.0659	0.006079	1.2158	0
175	0.0644	0.005942	1.1885	0
176	0.0914	0.008430	1.6859	0
177	0.2317	0.021376	4.2753	0
178	0.3935	0.036314	7.2628	0
179	0.6296	0.058099	11.6197	0
180	0.9003	0.083071	16.6142	0
181	1.2745	0.117605	23.5211	0
182	1.5084	0.139181	27.8363	0
183	1.3714	0.126546	25.3092	0
184	1.5599	0.143934	28.7869	0
185	2.5095	0.231560	46.3121	0
186	3.0590	0.282267	56.4534	0
187	2.7744	0.256006	51.2011	0
188	2.5078	0.231405	46.2811	0
189	2.2748	0.209904	41.9809	0
190	2.0576	0.189860	37.9719	0
191	1.8668	0.172256	34.4513	0
192	1.6898	0.155924	31.1848	0
193	1.5336	0.141511	28.3023	0
194	1.3894	0.128204	25.6409	0
195	1.2615	0.116404	23.2809	0
196	1.1440	0.105562	21.1125	0
197	1.0393	0.095901	19.1803	0
198	1.0228	0.094379	18.8757	0
199	1.1048	0.101940	20.3881	0
200	1.0959	0.101127	20.2254	0
201	0.9954	0.091847	18.3694	0
202	0.9043	0.083444	16.6889	0
203	0.8220	0.075846	15.1692	0
204	1.1604	0.107070	21.4140	0
205	1.8476	0.170483	34.0967	0
206	2.0324	0.187537	37.5074	0
207	1.8404	0.169821	33.9643	0
208	1.6970	0.156584	31.3169	0
209	1.5864	0.146382	29.2763	0
210	1.4593	0.134656	26.9313	0
211	1.3222	0.122001	24.4003	0
212	1.2011	0.110827	22.1655	0
213	1.0888	0.100466	20.0933	0
214	0.9901	0.091364	18.2729	0
215	0.8982	0.082881	16.5763	0
216	0.8179	0.075467	15.0935	0
217	0.7426	0.068522	13.7044	0
218	0.6756	0.062342	12.4685	0
219	0.6119	0.056460	11.2920	0
220	0.5554	0.051247	10.2494	0
221	0.5014	0.046264	9.2527	0
222	0.4528	0.041779	8.3557	0
223	0.4058	0.037443	7.4886	0
224	0.3709	0.034223	6.8445	0
225	0.3391	0.031291	6.2583	0
226	0.3600	0.033223	6.6446	0
227	0.3926	0.036231	7.2462	0
228	0.8527	0.078682	15.7364	0
229	1.3921	0.128455	25.6911	0
230	3.5297	0.325695	65.1389	0
231	5.9100	0.545334	109.0667	0
232	5.6639	0.522633	104.5267	0
233	5.1028	0.470852	94.1705	0
234	4.6350	0.427684	85.5368	0
235	4.1755	0.385289	77.0579	0
236	3.7945	0.350136	70.0272	1
237	3.4184	0.315426	63.0853	1
238	3.1082	0.286801	57.3602	1
239	2.8002	0.258383	51.6766	1
240	2.5451	0.234844	46.9687	0
241	2.2912	0.211419	42.2838	0
242	2.0852	0.192412	38.4824	0
243	1.8808	0.173547	34.7094	0
244	1.7121	0.157985	31.5970	0
245	1.5730	0.145148	29.0296	0
246	1.8522	0.170908	34.1816	0
247	2.1923	0.202287	40.4575	0
248	3.1431	0.290026	58.0053	0
249	4.0088	0.369906	73.9813	0
250	4.2215	0.389532	77.9065	0
251	4.3528	0.401653	80.3306	0
252	3.9850	0.367710	73.5419	0
253	3.6383	0.335715	67.1430	0
254	3.3985	0.313592	62.7184	0
255	3.1493	0.290600	58.1200	0
256	2.8599	0.263891	52.7781	0
257	2.5817	0.238219	47.6438	0
258	2.3447	0.216351	43.2702	0
259	2.1179	0.195431	39.0861	0
260	1.9239	0.177527	35.5054	0
261	1.7392	0.160479	32.0958	0
262	1.5803	0.145821	29.1641	0
263	1.4298	0.131929	26.3857	0
264	1.2997	0.119927	23.9855	0
265	2.1707	0.200301	40.0601	0
266	5.2371	0.483249	96.6499	0
267	7.0432	0.649900	129.9800	0
268	6.3797	0.588681	117.7362	1
269	5.7572	0.531237	106.2474	1
270	5.2066	0.480428	96.0856	1
271	5.2445	0.483926	96.7851	1
272	6.2132	0.573313	114.6626	1
273	7.6820	0.703918	140.7837	1
274	9.8643	0.893327	178.6655	1
275	10.6506	0.964376	192.8752	1
276	9.6372	0.882821	176.5642	1
277	8.7235	0.804951	160.9903	1
278	7.9262	0.731381	146.2763	1
279	7.2967	0.673292	134.6584	1
280	6.8444	0.631557	126.3115	1
281	6.3150	0.582707	116.5413	1
282	5.7118	0.527045	105.4091	1
283	5.1671	0.476789	95.3579	1
284	4.6732	0.431218	86.2436	0
285	4.2295	0.390276	78.0552	0
286	3.8252	0.352965	70.5930	0
287	3.4600	0.319265	63.8530	0
288	3.1225	0.288124	57.6249	0
289	2.8158	0.259827	51.9653	0
290	2.5289	0.233347	46.6694	0
291	2.2810	0.210477	42.0954	0
292	2.0557	0.189686	37.9371	0
293	1.8663	0.172209	34.4417	0
294	1.6954	0.156444	31.2889	0
295	1.5434	0.142418	28.4835	0
296	1.4001	0.129193	25.8386	0
297	1.2768	0.117816	23.5632	0
298	1.1617	0.107197	21.4395	0
299	1.0585	0.097675	19.5349	0
300	0.9596	0.088550	17.7100	0
301	0.8741	0.080657	16.1314	0
302	0.7928	0.073157	14.6313	0
303	0.7231	0.066721	13.3442	0
304	0.6565	0.060580	12.1160	0
305	0.5997	0.055338	11.0677	0
306	0.5452	0.050311	10.0622	0
307	0.4594	0.042387	8.4774	0
308	0.3672	0.033881	6.7761	0
309	0.3351	0.030923	6.1846	0
310	0.3131	0.028890	5.7780	0
311	0.2894	0.026705	5.3409	0
312	0.2655	0.024499	4.8998	0
313	0.2327	0.021472	4.2945	0
314	0.1990	0.018361	3.6723	0
315	0.1504	0.013875	2.7750	0
316	0.1007	0.009287	1.8575	0
317	0.0983	0.009072	1.8144	0
318	0.0982	0.009058	1.8115	0
319	0.0967	0.008918	1.7837	0
320	0.0951	0.008777	1.7553	0
321	0.0932	0.008601	1.7202	0
322	0.0914	0.008437	1.6873	0
323	0.0935	0.008628	1.7255	0
324	0.0955	0.008808	1.7616	0
325	0.0954	0.008800	1.7599	0
326	0.0950	0.008762	1.7523	0
327	0.0908	0.008378	1.6756	0
328	0.0868	0.008014	1.6027	0
329	0.0847	0.007812	1.5624	0
330	0.2658	0.024524	4.9048	0
331	1.6832	0.155316	31.0632	0
332	2.9093	0.268452	53.6905	0
333	3.0830	0.284481	56.8962	0
334	3.1883	0.294198	58.8396	0
335	2.9790	0.274880	54.9760	0
336	2.9836	0.275308	55.0617	0
337	3.8269	0.353120	70.6241	0
338	4.7058	0.434222	86.8444	0
339	5.7054	0.526462	105.2924	0
340	6.5074	0.600459	120.0917	0
341	6.7248	0.620520	124.1040	0
342	6.9321	0.639655	127.9310	0
343	7.1134	0.656377	131.2754	0
344	7.4639	0.688721	137.7441	0
345	8.2053	0.757136	151.4272	0
346	9.0336	0.833560	166.7120	0
347	10.0405	0.926473	185.2946	0
348	10.9837	0.989078	197.8156	0
349	11.8094	0.995805	199.1610	0
350	12.1608	1.000000	200.0000	0
351	11.7265	1.000000	200.0000	0
352	11.0462	0.973011	194.6023	0
353	9.9985	0.905725	181.1449	0
354	9.0316	0.833382	166.6765	0
355	8.1738	0.754223	150.8446	0
356	7.3860	0.681530	136.3060	0
357	6.6836	0.616723	123.3445	0
358	6.0420	0.557517	111.5033	0
359	5.4674	0.504495	100.8990	0
360	5.1455	0.474797	94.9595	0
361	5.0765	0.468424	93.6848	0
362	5.9844	0.552199	110.4399	0
363	7.7772	0.717627	143.5255	1
364	9.0162	0.831954	166.3908	1
365	9.8010	0.904378	180.8757	1
366	9.8084	0.905057	181.0114	0
367	9.2391	0.852527	170.5054	0
368	8.6046	0.793975	158.7951	0
369	7.9263	0.731390	146.2780	0
370	8.8780	0.800076	160.0152	1
371	10.8134	0.947987	189.5975	1
372	11.0167	0.975849	195.1698	1
373	10.2806	0.938599	187.7198	0
374	9.4185	0.869079	173.8159	0
375	8.4952	0.783886	156.7772	0
376	7.6924	0.709808	141.9616	1
377	6.9418	0.640544	128.1087	1
378	6.2785	0.579337	115.8673	1
379	5.6487	0.521224	104.2448	1
380	5.1007	0.470663	94.1326	1
381	4.5805	0.422657	84.5313	0
382	4.1400	0.382010	76.4020	0
383	3.7230	0.343537	68.7075	0
384	3.3663	0.310617	62.1234	0
385	3.0248	0.279114	55.8228	0
386	2.7270	0.251627	50.3255	0
387	2.4386	0.225014	45.0028	0
388	2.1893	0.202015	40.4029	0
389	1.9472	0.179672	35.9344	0
390	1.7432	0.160855	32.1711	0
391	1.5450	0.142561	28.5122	0
392	1.3938	0.128613	25.7225	0
393	1.2481	0.115171	23.0342	0
394	1.1363	0.104853	20.9706	0
395	1.0274	0.094806	18.9611	0
396	0.9372	0.086479	17.2959	0
397	0.8481	0.078253	15.6506	0
398	0.7746	0.071473	14.2946	0
399	0.7016	0.064738	12.9476	0
400	0.6417	0.059217	11.8433	0
401	0.5821	0.053710	10.7421	0
402	0.5271	0.048640	9.7280	0
403	0.4714	0.043498	8.6995	0
404	0.3987	0.036787	7.3574	0
405	0.3276	0.030225	6.0451	0
406	0.2783	0.025676	5.1353	0
407	0.2315	0.021361	4.2722	0
408	0.2093	0.019314	3.8627	0
409	0.1880	0.017345	3.4689	0
410	0.1730	0.015962	3.1924	0
411	0.1531	0.014123	2.8246	0
412	0.1034	0.009544	1.9089	0
413	0.1360	0.012554	2.5107	0
414	0.5771	0.053251	10.6503	0
415	0.9177	0.084684	16.9368	0
416	0.8367	0.077204	15.4408	0
417	0.7588	0.070018	14.0037	0
418	0.6924	0.063894	12.7789	0
419	0.6290	0.058039	11.6077	0
420	0.5746	0.053025	10.6049	0
421	0.5229	0.048253	9.6506	0
422	0.4784	0.044148	8.8295	0
423	0.4363	0.040259	8.0519	0
424	0.3999	0.036898	7.3797	0
425	0.3655	0.033730	6.7460	0
426	0.3357	0.030978	6.1956	0
427	0.3077	0.028396	5.6792	0
428	0.2833	0.026143	5.2287	0
429	0.2605	0.024040	4.8079	0
430	0.2405	0.022195	4.4390	0
431	0.2220	0.020481	4.0962	0
432	0.2056	0.018971	3.7941	0
433	0.1905	0.017574	3.5148	0
434	0.1771	0.016338	3.2675	0
435	0.1647	0.015200	3.0400	0
436	0.1538	0.014187	2.8375	0
437	0.1567	0.014458	2.8915	0
438	0.1757	0.016208	3.2416	0
439	0.1793	0.016542	3.3084	0
440	0.1668	0.015396	3.0792	0
441	0.2513	0.023189	4.6379	0
442	0.4275	0.039445	7.8889	0
443	1.9780	0.182518	36.5037	0
444	4.7066	0.434294	86.8587	0
445	5.5962	0.516381	103.2762	0
446	5.0595	0.466857	93.3714	0
447	4.5800	0.422611	84.5222	0
448	4.1406	0.382064	76.4128	0
449	3.7674	0.347634	69.5269	0
450	3.4362	0.317073	63.4145	1
451	4.4671	0.412194	82.4388	1
452	6.2729	0.578824	115.7649	1
453	7.1606	0.660740	132.1480	1
454	7.5798	0.699419	139.8837	0
455	7.9083	0.729729	145.9457	0
456	8.1954	0.756222	151.2444	0
457	7.8404	0.723463	144.6926	0
458	7.2251	0.666682	133.3365	0
459	7.6865	0.709258	141.8515	0
460	8.5336	0.787423	157.4846	0
461	8.1294	0.750133	150.0266	0
462	7.3323	0.676581	135.3162	0
463	6.6487	0.613504	122.7009	0
464	5.9961	0.553285	110.6570	0
465	5.6147	0.518086	103.6173	0
466	5.2966	0.488740	97.7481	0
467	5.0664	0.467499	93.4998	0
468	4.8536	0.447858	89.5715	0
469	6.4070	0.591199	118.2398	0
470	8.2483	0.761097	152.2195	0
471	8.1597	0.752922	150.5844	0
472	7.8193	0.721520	144.3040	0
473	7.1427	0.659085	131.8170	0
474	6.4326	0.593556	118.7113	0
475	5.8426	0.539123	107.8246	0
476	5.2612	0.485473	97.0945	0
477	4.9595	0.457632	91.5264	0
478	4.6698	0.430900	86.1801	0
479	4.2481	0.391986	78.3973	0
480	3.8248	0.352927	70.5854	0
481	3.4781	0.320938	64.1877	0
482	3.1334	0.289132	57.8265	0
483	2.8468	0.262684	52.5369	0
484	2.5609	0.236307	47.2614	0
485	2.2875	0.211077	42.2155	0
486	2.0216	0.186541	37.3081	0
487	1.8393	0.169718	33.9436	0
488	1.6605	0.153222	30.6444	0
489	1.5113	0.139449	27.8898	0
490	1.3655	0.126000	25.2000	0
491	1.2429	0.114684	22.9368	0
492	1.1188	0.103239	20.6479	0
493	0.9873	0.091101	18.2201	0
494	0.8629	0.079627	15.9253	0
495	0.7711	0.071154	14.2308	0
496	0.6829	0.063012	12.6024	0
497	0.6084	0.056144	11.2287	0
498	0.5401	0.049836	9.9673	0
499	0.4920	0.045399	9.0798	0
500	0.4410	0.040689	8.1379	0
501	0.3813	0.035187	7.0374	0
502	0.3310	0.030542	6.1085	0
503	0.3045	0.028100	5.6200	0
504	0.2795	0.025793	5.1586	0
505	0.2579	0.023793	4.7587	0
506	0.2364	0.021815	4.3629	0
507	0.2154	0.019878	3.9756	0
508	0.1955	0.018043	3.6086	0
509	0.1776	0.016392	3.2784	0
510	0.1495	0.013797	2.7594	0
511	0.1046	0.009656	1.9312	0
512	0.0742	0.006851	1.3702	0
513	0.0652	0.006018	1.2036	0
514	0.0597	0.005505	1.1010	0
515	0.0587	0.005420	1.0840	0
516	0.0579	0.005342	1.0684	0
517	0.0571	0.005272	1.0544	0
518	0.0551	0.005085	1.0170	0
519	0.0517	0.004770	0.9541	0
520	0.0500	0.004614	0.9227	0
521	0.0500	0.004614	0.9227	0
522	0.0500	0.004614	0.9227	0
523	0.0500	0.004614	0.9227	0
524	0.0500	0.004614	0.9227	0
525	0.0500	0.004614	0.9227	0
526	0.0500	0.004614	0.9227	0
527	0.0500	0.004614	0.9227	0
528	0.0500	0.004614	0.9227	0
529	0.0500	0.004614	0.9227	0
530	0.0500	0.004614	0.9227	0
531	0.0500	0.004614	0.9227	0
532	0.0500	0.004614	0.9227	0
533	0.0500	0.004614	0.9227	0
534	0.0500	0.004614	0.9227	0
535	0.0500	0.004614	0.9227	0
536	0.0500	0.004614	0.9227	0
537	0.0500	0.004614	0.9227	0
538	0.2540	0.023434	4.6868	0
539	0.5352	0.049383	9.8766	0
540	0.5672	0.052342	10.4684	0
541	0.5163	0.047638	9.5277	0
542	0.4725	0.043595	8.7191	0
543	0.4307	0.039744	7.9488	0
544	0.3950	0.036451	7.2902	0
545	0.3609	0.033298	6.6596	0
546	0.3318	0.030616	6.1232	0
547	0.3038	0.028035	5.6069	0
548	0.2801	0.025850	5.1701	0
549	0.2572	0.023737	4.7474	0
550	0.2380	0.021958	4.3916	0
551	0.2192	0.020228	4.0455	0
552	0.2035	0.018779	3.7558	0
553	0.1882	0.017362	3.4725	0
554	0.2872	0.026499	5.2998	0
555	0.3957	0.036515	7.3029	0
556	0.3708	0.034217	6.8435	0
557	0.3386	0.031242	6.2484	0
558	1.1184	0.103200	20.6401	0
559	1.9212	0.177276	35.4551	0
560	3.0248	0.279112	55.8223	0
561	4.1322	0.381298	76.2596	0
562	5.3719	0.495685	99.1371	0
563	6.5258	0.602158	120.4316	0
564	5.9289	0.547086	109.4172	0
565	5.3398	0.492727	98.5454	1
566	4.8512	0.447638	89.5275	1
567	4.3711	0.403334	80.6668	1
568	3.9710	0.366418	73.2837	1
569	3.5797	0.330311	66.0622	1
570	3.2521	0.300087	60.0174	0
571	2.9332	0.270660	54.1321	0
572	2.6651	0.245915	49.1830	0
573	2.4052	0.221933	44.3867	0
574	2.1856	0.201673	40.3347	0
575	1.9738	0.182130	36.4260	0
576	1.7940	0.165542	33.1085	0
577	2.1253	0.196108	39.2217	0
578	4.2707	0.394069	78.8138	0
579	6.1580	0.568222	113.6443	0
580	7.2481	0.668812	133.7623	0
581	7.8472	0.724093	144.8186	0
582	7.1136	0.656395	131.2789	1
583	6.4190	0.592303	118.4606	1
584	5.8183	0.536876	107.3753	1
585	5.2523	0.484651	96.9302	1
586	4.7605	0.439271	87.8543	1
587	4.2993	0.396717	79.3433	1
588	3.8967	0.359563	71.9125	1
589	3.5313	0.325846	65.1691	0
590	3.2298	0.298027	59.6054	0
591	2.9387	0.271168	54.2336	0
592	2.6637	0.245792	49.1584	0
593	2.4095	0.222336	44.4673	0
594	2.1844	0.201560	40.3120	0
595	1.9765	0.182375	36.4750	0
596	1.7903	0.165197	33.0395	0
597	1.6207	0.149552	29.9104	0
598	1.4701	0.135656	27.1311	0
599	1.3269	0.122434	24.4867	0
600	1.1911	0.109909	21.9818	0
601	1.0646	0.098237	19.6474	0
602	0.9468	0.087364	17.4728	0
603	0.8882	0.081959	16.3918	0
604	0.8799	0.081189	16.2379	0
605	0.9925	0.091578	18.3156	0
606	1.1978	0.110525	22.1049	0
607	1.2151	0.112119	22.4238	0
608	1.1020	0.101688	20.3376	0
609	1.0016	0.092421	18.4841	0
610	0.9090	0.083880	16.7761	0
611	0.8272	0.076331	15.2662	0
612	0.7514	0.069339	13.8678	0
613	0.6848	0.063189	12.6379	0
614	0.6228	0.057465	11.4929	0
615	0.5685	0.052455	10.4911	0
616	0.5177	0.047768	9.5537	0
617	0.4735	0.043688	8.7377	0
618	0.4319	0.039851	7.9702	0
619	0.3705	0.034183	6.8367	0
620	0.3020	0.027869	5.5739	0
621	0.2507	0.023129	4.6259	0
622	0.2046	0.018876	3.7752	0
623	0.1843	0.017009	3.4019	0
624	0.1710	0.015783	3.1566	0
625	0.1597	0.014738	2.9475	0
626	0.1488	0.013734	2.7467	0
627	0.1396	0.012882	2.5764	0
628	0.1307	0.012060	2.4120	0
629	0.1232	0.011367	2.2733	0
630	0.1159	0.010694	2.1387	0
631	0.1094	0.010094	2.0189	0
632	0.1030	0.009504	1.9009	0
633	0.0981	0.009047	1.8095	0
634	0.0932	0.008603	1.7207	0
635	0.0892	0.008235	1.6470	0
636	0.0853	0.007871	1.5742	0
637	0.0820	0.007571	1.5142	0
638	0.0788	0.007273	1.4547	0
639	0.0762	0.007029	1.4058	0
640	0.0735	0.006786	1.3571	0
641	0.0714	0.006586	1.3172	0
642	0.0692	0.006388	1.2776	0
643	0.0675	0.006225	1.2449	0
644	0.0656	0.006055	1.2110	0
645	0.0628	0.005793	1.1585	0
646	0.0597	0.005512	1.1024	0
647	0.0546	0.005037	1.0073	0
648	0.0500	0.004614	0.9227	0
649	0.0500	0.004614	0.9227	0
650	0.1227	0.011326	2.2652	0
651	0.6631	0.061187	12.2374	0
652	1.1656	0.107554	21.5107	0
653	1.4683	0.135482	27.0963	0
654	1.7214	0.158838	31.7676	0
655	1.7549	0.161931	32.3862	0
656	1.7482	0.161317	32.2634	0
657	1.5894	0.146655	29.3311	0
658	1.4372	0.132615	26.5229	0
659	1.3071	0.120611	24.1222	0
660	1.1831	0.109169	21.8338	0
661	1.0766	0.099341	19.8682	0
662	0.9755	0.090017	18.0035	0
663	0.8883	0.081971	16.3942	0
664	0.8060	0.074373	14.8747	0
665	0.7346	0.067786	13.5571	0
666	0.6675	0.061595	12.3189	0
667	0.6091	0.056201	11.2402	0
668	0.5544	0.051157	10.2313	0
669	0.5065	0.046741	9.3481	0
670	0.4620	0.042630	8.5261	0
671	0.4228	0.039015	7.8030	0
672	0.3865	0.035666	7.1332	0
673	0.3544	0.032706	6.5412	0
674	0.3369	0.031090	6.2179	0
675	0.3386	0.031245	6.2490	0
676	0.3274	0.030212	6.0423	0
677	0.3008	0.027760	5.5520	0
678	0.2766	0.025522	5.1044	0
679	0.2548	0.023515	4.7029	0
680	0.2351	0.021691	4.3382	0
681	0.2173	0.020048	4.0096	0
682	0.2012	0.018562	3.7125	0
683	0.1866	0.017217	3.4434	0
684	0.1735	0.016007	3.2013	0
685	0.1615	0.014905	2.9810	0
686	0.1508	0.013919	2.7838	0
687	0.1411	0.013017	2.6034	0
688	0.1324	0.012214	2.4428	0
689	0.1244	0.011476	2.2951	0
690	0.1173	0.010821	2.1643	0
691	0.1107	0.010217	2.0434	0
692	0.0996	0.009195	1.8390	0
693	0.0862	0.007952	1.5905	0
694	0.0758	0.006994	1.3987	0
695	0.0669	0.006170	1.2339	0
696	0.0613	0.005659	1.1318	0
697	0.0572	0.005281	1.0562	0
698	0.0557	0.005140	1.0281	0
699	0.0551	0.005089	1.0177	0
700	0.0547	0.005044	1.0088	0
701	0.0542	0.005001	1.0003	0
702	0.0538	0.004965	0.9930	0
703	0.0534	0.004930	0.9861	0
704	0.0531	0.004901	0.9801	0
705	0.0528	0.004872	0.9744	0
706	0.0525	0.004848	0.9696	0
707	0.0523	0.004825	0.9650	0
708	0.0521	0.004805	0.9610	0
709	0.0519	0.004786	0.9572	0
710	0.0517	0.004770	0.9540	0
711	0.0515	0.004754	0.9509	0
712	0.0514	0.004741	0.9483	0
713	0.0512	0.004729	0.9457	0
714	0.0511	0.004718	0.9436	0
715	0.0510	0.004708	0.9415	0
716	0.0505	0.004662	0.9324	0
717	0.0500	0.004615	0.9230	0
718	0.0500	0.004614	0.9227	0
719	0.0500	0.004614	0.9227	0
