# river=delta model=basin-input/2 input=precipitation+snowmelt+humidity+fog rows=720
# water_year=2025-07-01/2026-06-30 station=USW00023237 station_name=STOCKTON_AIRPORT,_CA_US
# fog_baseline_mm_day=0.0500 fog_baseline_norm=0.00223477 fog_window_minutes=180-600 fog_source=https://pubs.usgs.gov/of/1975/0568/report.pdf
# units=input_mm_day norm=0..1 scaled=0..200
frame	input_mm_day	norm	scaled	high_variation
0	0.1163	0.005345	1.0691	0
1	0.5630	0.025465	5.0929	0
2	1.0040	0.045345	9.0690	0
3	1.2233	0.055795	11.1591	0
4	1.4255	0.065441	13.0882	0
5	1.2987	0.059614	11.9228	0
6	1.1736	0.053866	10.7731	0
7	1.0698	0.049095	9.8190	0
8	0.9678	0.044410	8.8820	0
9	0.8828	0.040504	8.1008	0
10	0.7997	0.036686	7.3372	0
11	0.7301	0.033488	6.6976	0
12	0.6624	0.030376	6.0752	0
13	0.6054	0.027758	5.5516	0
14	0.5502	0.025222	5.0444	0
15	0.5036	0.023078	4.6157	0
16	0.4586	0.021012	4.2024	0
17	0.4204	0.019257	3.8513	0
18	0.3838	0.017573	3.5145	0
19	0.3525	0.016136	3.2271	0
20	0.3226	0.014763	2.9526	0
21	0.2970	0.013587	2.7174	0
22	0.2727	0.012468	2.4937	0
23	0.2517	0.011505	2.3010	0
24	0.2319	0.010594	2.1188	0
25	0.2147	0.009805	1.9610	0
26	0.1986	0.009063	1.8125	0
27	0.1845	0.008417	1.6834	0
28	0.1714	0.007812	1.5624	0
29	0.1599	0.007283	1.4567	0
30	0.1491	0.006790	1.3580	0
31	0.1397	0.006357	1.2715	0
32	0.1310	0.005956	1.1911	0
33	0.1233	0.005601	1.1203	0
34	0.1161	0.005274	1.0548	0
35	0.1098	0.004984	0.9968	0
36	0.1040	0.004717	0.9434	0
37	0.0989	0.004480	0.8959	0
38	0.0941	0.004262	0.8525	0
39	0.0899	0.004068	0.8136	0
40	0.0858	0.003879	0.7759	0
41	0.0818	0.003696	0.7393	0
42	0.0750	0.003384	0.6768	0
43	0.0654	0.002952	0.5904	0
44	0.1981	0.008222	1.6443	0
45	0.4499	0.018271	3.6543	0
46	0.7432	0.030453	6.0906	0
47	1.0680	0.044251	8.8501	0
48	1.2438	0.051855	10.3709	0
49	1.3175	0.055215	11.0429	0
50	1.2854	0.053830	10.7659	0
51	1.1879	0.049513	9.9026	0
52	1.0880	0.045273	9.0547	0
53	0.9868	0.041076	8.2152	0
54	0.8978	0.037387	7.4774	0
55	0.8149	0.033950	6.7901	0
56	0.7425	0.030946	6.1893	0
57	0.6747	0.028135	5.6269	0
58	0.6397	0.026816	5.3633	0
59	0.6177	0.026087	5.2175	0
60	0.8109	0.034224	6.8449	0
61	1.0791	0.045448	9.0897	0
62	1.0649	0.044845	8.9691	0
63	0.9648	0.040639	8.1278	0
64	0.8789	0.037036	7.4073	0
65	0.7969	0.033593	6.7185	0
66	0.7270	0.030658	6.1316	0
67	0.6599	0.027839	5.5677	0
68	0.6029	0.025449	5.0898	0
69	0.5480	0.023140	4.6281	0
70	0.5016	0.021194	4.2388	0
71	0.4566	0.019304	3.8608	0
72	0.4188	0.017719	3.5438	0
73	0.3820	0.016172	3.2343	0
74	0.3512	0.014881	2.9762	0
75	0.3210	0.013614	2.7228	0
76	0.2960	0.012563	2.5126	0
77	0.2713	0.011526	2.3051	0
78	0.2509	0.010670	2.1339	0
79	0.2307	0.009821	1.9641	0
80	0.2141	0.009124	1.8247	0
81	0.1976	0.008430	1.6860	0
82	0.1840	0.007861	1.5721	0
83	0.1705	0.007295	1.4591	0
84	0.1594	0.006829	1.3659	0
85	0.1482	0.006359	1.2718	0
86	0.1353	0.005823	1.1645	0
87	0.1224	0.005288	1.0576	0
88	0.1101	0.004769	0.9537	0
89	0.1175	0.005172	1.0344	0
90	0.2802	0.012845	2.5690	0
91	0.4160	0.019249	3.8497	0
92	0.3829	0.017684	3.5369	0
93	0.3506	0.016163	3.2327	0
94	0.3226	0.014866	2.9732	0
95	0.2956	0.013612	2.7225	0
96	0.2726	0.012550	2.5100	0
97	0.2506	0.011528	2.3057	0
98	0.2318	0.010659	2.1317	0
99	0.2137	0.009821	1.9641	0
100	0.1978	0.009085	1.8170	0
101	0.1816	0.008338	1.6675	0
102	0.1643	0.007558	1.5116	0
103	0.1493	0.006876	1.3752	0
104	0.1399	0.006439	1.2878	0
105	0.1755	0.008112	1.6224	0
106	0.3110	0.014473	2.8946	0
107	0.4026	0.018586	3.7173	0
108	0.4073	0.018242	3.6484	0
109	0.4330	0.019176	3.8352	0
110	0.4961	0.022383	4.4767	0
111	0.5450	0.024418	4.8836	0
112	0.5712	0.024577	4.9153	0
113	0.5665	0.023827	4.7655	0
114	0.5173	0.021769	4.3537	0
115	0.4719	0.019872	3.9743	0
116	0.4316	0.018186	3.6372	0
117	0.3946	0.016641	3.3281	0
118	0.3616	0.015260	3.0521	0
119	0.3315	0.014001	2.8003	0
120	0.3044	0.012871	2.5743	0
121	0.2799	0.011845	2.3691	0
122	0.2578	0.010920	2.1841	0
123	0.3574	0.013152	2.6304	0
124	0.5639	0.018150	3.6300	0
125	0.7532	0.023447	4.6895	0
126	0.9290	0.028983	5.7965	0
127	0.9515	0.029741	5.9482	0
128	0.8641	0.027074	5.4148	0
129	0.7863	0.024701	4.9402	0
130	0.7148	0.022517	4.5035	0
131	0.6498	0.020509	4.1017	0
132	0.5886	0.018601	3.7203	0
133	0.5365	0.016999	3.3999	0
134	0.4889	0.015557	3.1114	0
135	0.6130	0.020931	4.1862	0
136	0.8172	0.029493	5.8985	0
137	0.9997	0.037749	7.5498	0
138	1.1731	0.045878	9.1756	0
139	1.1954	0.048115	9.6230	0
140	1.1620	0.048181	9.6362	0
141	1.4007	0.055731	11.1463	0
142	1.7274	0.065704	13.1409	0
143	1.6752	0.063232	12.6464	0
144	1.5164	0.057253	11.4507	0
145	1.3807	0.052147	10.4295	0
146	1.2507	0.047253	9.4505	0
147	1.1370	0.042971	8.5942	0
148	1.0267	0.038816	7.7631	0
149	0.9349	0.035375	7.0750	0
150	0.8462	0.032056	6.4112	0
151	0.7708	0.029220	5.8440	0
152	0.6973	0.026450	5.2900	0
153	0.6361	0.024168	4.8336	0
154	0.5763	0.021937	4.3874	0
155	0.5276	0.020112	4.0225	0
156	0.4797	0.018319	3.6638	0
157	0.4442	0.016941	3.3882	0
158	0.4093	0.015583	3.1166	0
159	0.3807	0.014481	2.8962	0
160	0.3523	0.013385	2.6770	0
161	0.3245	0.012362	2.4723	0
162	0.2969	0.011343	2.2686	0
163	0.2742	0.010505	2.1010	0
164	0.2515	0.009671	1.9341	0
165	0.2296	0.008898	1.7796	0
166	0.2079	0.008135	1.6270	0
167	0.1898	0.007481	1.4962	0
168	0.1729	0.006898	1.3796	0
169	0.1662	0.006941	1.3882	0
170	0.1591	0.006924	1.3848	0
171	0.1490	0.006488	1.2977	0
172	0.1391	0.006065	1.2130	0
173	0.1308	0.005709	1.1417	0
174	0.1237	0.005399	1.0798	0
175	0.1219	0.005309	1.0617	0
176	0.1503	0.006575	1.3150	0
177	0.2988	0.013249	2.6498	0
178	0.5628	0.024227	4.8454	0
179	1.2236	0.050009	10.0017	0
180	1.8173	0.073261	14.6522	0
181	2.2094	0.088928	17.7855	0
182	2.6663	0.104766	20.9532	0
183	3.2946	0.121059	24.2119	0
184	3.7940	0.135696	27.1392	0
185	3.9922	0.146456	29.2911	0
186	4.0258	0.149867	29.9734	0
187	3.7162	0.137959	27.5918	0
188	3.4038	0.126109	25.2218	0
189	3.0859	0.114367	22.8735	0
190	2.7895	0.103420	20.6840	0
191	2.5292	0.093805	18.7610	0
192	2.2877	0.084884	16.9768	0
193	2.0745	0.077011	15.4023	0
194	1.8870	0.070112	14.0224	0
195	1.7343	0.064540	12.9080	0
196	1.6260	0.060863	12.1726	0
197	1.5725	0.059522	11.9044	0
198	1.5367	0.059405	11.8809	0
199	1.5205	0.060653	12.1306	0
200	1.5889	0.064836	12.9671	0
201	1.7429	0.071985	14.3969	0
202	1.8116	0.075088	15.0177	0
203	1.8020	0.074488	14.8976	0
204	1.8388	0.082812	16.5624	0
205	1.9140	0.098536	19.7072	0
206	2.1163	0.109492	21.8984	0
207	2.4140	0.116872	23.3743	0
208	2.5866	0.119356	23.8712	0
209	2.6744	0.118525	23.7050	0
210	2.5562	0.111597	22.3195	0
211	2.3122	0.100947	20.1895	0
212	2.0969	0.091548	18.3096	0
213	1.8972	0.082836	16.5672	0
214	1.7218	0.075182	15.0364	0
215	1.5583	0.068049	13.6098	0
216	1.4155	0.061814	12.3628	0
217	1.2817	0.055974	11.1947	0
218	1.1636	0.050819	10.1638	0
219	1.0516	0.045931	9.1862	0
220	0.9487	0.041476	8.2952	0
221	0.8490	0.037169	7.4339	0
222	0.7679	0.033594	6.7188	0
223	0.6924	0.030239	6.0477	0
224	0.6260	0.027411	5.4823	0
225	0.5621	0.024722	4.9443	0
226	0.5124	0.022865	4.5731	0
227	0.4659	0.021194	4.2387	0
228	0.9618	0.043474	8.6948	0
229	1.5584	0.070201	14.0402	0
230	3.2130	0.140603	28.1205	0
231	5.0283	0.217638	43.5276	0
232	5.0186	0.216312	43.2625	0
233	4.7899	0.205583	41.1167	0
234	4.3735	0.187651	37.5301	0
235	3.9402	0.169071	33.8141	0
236	3.5807	0.153652	30.7304	0
237	3.2257	0.138427	27.6854	0
238	2.9318	0.125824	25.1649	0
239	2.6401	0.113312	22.6623	0
240	2.4004	0.103013	20.6025	0
241	2.1618	0.092761	18.5523	0
242	1.9634	0.084252	16.8505	0
243	1.7665	0.075811	15.1622	0
244	1.6061	0.068941	13.7883	0
245	1.4638	0.062939	12.5878	0
246	1.5787	0.069223	13.8445	0
247	1.7620	0.078574	15.7148	0
248	2.6317	0.118694	23.7388	0
249	3.6362	0.162221	32.4442	0
250	5.6753	0.231865	46.3730	0
251	7.4489	0.291961	58.3922	0
252	7.5937	0.293457	58.6914	0
253	7.6201	0.291299	58.2598	0
254	7.0464	0.270626	54.1251	0
255	6.4678	0.249494	49.8987	0
256	5.8684	0.226401	45.2802	0
257	5.2923	0.204206	40.8412	0
258	4.8016	0.185299	37.0598	0
259	4.3321	0.167212	33.4424	0
260	3.9304	0.151734	30.3468	0
261	3.5479	0.136996	27.3992	0
262	3.2191	0.124325	24.8651	0
263	3.0134	0.116569	23.3138	0
264	3.1116	0.120934	24.1868	0
265	3.8707	0.153377	30.6754	0
266	6.0791	0.247395	49.4790	0
267	8.3776	0.337572	67.5143	0
268	10.8526	0.420222	84.0444	0
269	12.1465	0.463390	92.6781	1
270	11.3645	0.437167	87.4335	1
271	10.8911	0.424492	84.8985	1
272	10.9056	0.433245	86.6490	1
273	10.8327	0.438783	87.7566	1
274	10.6350	0.439734	87.9468	1
275	10.5432	0.443630	88.7260	0
276	10.5879	0.451323	90.2646	0
277	10.2376	0.439234	87.8468	0
278	9.4265	0.404066	80.8131	0
279	8.7442	0.374191	74.8381	0
280	8.1983	0.349908	69.9816	0
281	7.5689	0.322488	64.4977	0
282	6.8596	0.292066	58.4133	0
283	6.2117	0.264388	52.8775	0
284	5.6170	0.239086	47.8172	0
285	5.0828	0.216355	43.2710	0
286	4.5959	0.195640	39.1280	0
287	4.1586	0.177028	35.4057	0
288	3.7564	0.159908	31.9815	0
289	3.3916	0.144349	28.8697	0
290	3.0505	0.129789	25.9577	0
291	2.7362	0.116566	23.3131	0
292	2.4373	0.104112	20.8225	0
293	2.1897	0.093745	18.7490	0
294	1.9686	0.084455	16.8910	0
295	1.7819	0.076526	15.3051	0
296	1.6110	0.069225	13.8450	0
297	1.4635	0.062940	12.5879	0
298	1.3257	0.057072	11.4143	0
299	1.2059	0.051952	10.3905	0
300	1.0926	0.047105	9.4210	0
301	0.9946	0.042892	8.5785	0
302	0.9014	0.038882	7.7764	0
303	0.8215	0.035441	7.0882	0
304	0.7452	0.032158	6.4316	0
305	0.6757	0.029177	5.8355	0
306	0.6077	0.026269	5.2538	0
307	0.5238	0.022677	4.5354	0
308	0.4366	0.018948	3.7895	0
309	0.3546	0.015765	3.1529	0
310	0.2734	0.012673	2.5346	0
311	0.2420	0.011293	2.2585	0
312	0.2173	0.010142	2.0284	0
313	0.1882	0.008754	1.7509	0
314	0.1586	0.007342	1.4685	0
315	0.1371	0.006301	1.2601	0
316	0.1163	0.005286	1.0572	0
317	0.0960	0.004430	0.8860	0
318	0.0756	0.003581	0.7162	0
319	0.0711	0.003388	0.6777	0
320	0.0668	0.003209	0.6417	0
321	0.0620	0.003037	0.6074	0
322	0.0573	0.002871	0.5743	0
323	0.0574	0.002899	0.5799	0
324	0.0575	0.002926	0.5852	0
325	0.0575	0.002926	0.5851	0
326	0.0575	0.002923	0.5846	0
327	0.0571	0.002893	0.5787	0
328	0.0953	0.004408	0.8816	0
329	0.4640	0.019171	3.8342	0
330	0.8834	0.036343	7.2686	0
331	1.6444	0.069765	13.9531	0
332	2.5809	0.107972	21.5943	0
333	4.4830	0.172491	34.4981	0
334	6.0142	0.224601	44.9202	0
335	5.8392	0.219631	43.9262	0
336	5.8884	0.223237	44.6474	0
337	6.8164	0.260449	52.0898	0
338	7.6990	0.295167	59.0334	0
339	8.4277	0.321439	64.2877	0
340	9.9618	0.368598	73.7196	0
341	13.8772	0.477513	95.5026	1
342	17.6269	0.581725	116.3450	1
343	20.9451	0.673692	134.7384	1
344	23.1101	0.742310	148.4619	1
345	22.6124	0.757010	151.4021	1
346	23.1001	0.797649	159.5299	1
347	25.6167	0.891691	178.3382	1
348	27.7422	0.955724	191.1449	1
349	29.1469	0.964432	192.8863	1
350	29.6257	0.967378	193.4757	1
351	28.5706	0.960780	192.1560	1
352	27.2350	0.938878	187.7756	1
353	25.4809	0.894125	178.8250	0
354	23.8096	0.848486	169.6971	0
355	22.2500	0.801651	160.3302	1
356	20.6106	0.746989	149.3978	1
357	18.8738	0.682781	136.5562	0
358	17.1873	0.621020	124.2040	0
359	15.5561	0.561960	112.3920	1
360	14.2232	0.515871	103.1743	1
361	13.1886	0.482755	96.5510	1
362	13.2953	0.494708	98.9417	1
363	14.4358	0.547484	109.4968	1
364	15.1063	0.580822	116.1644	1
365	15.3916	0.598222	119.6444	1
366	16.4978	0.641614	128.3228	1
367	18.2129	0.704283	140.8567	1
368	19.9094	0.755035	151.0069	1
369	21.5934	0.797804	159.5608	1
370	21.8903	0.811661	162.3322	0
371	21.3501	0.808068	161.6136	0
372	20.3065	0.777378	155.4757	0
373	18.9899	0.731992	146.3984	0
374	17.7723	0.690171	138.0342	0
375	16.6029	0.650083	130.0165	1
376	15.2994	0.600508	120.1016	1
377	13.9378	0.546826	109.3651	0
378	12.7443	0.498626	99.7252	0
379	11.6153	0.452532	90.5063	1
380	10.6763	0.416077	83.2153	1
381	9.8016	0.382882	76.5764	1
382	8.9046	0.348177	69.6355	1
383	8.0011	0.313027	62.6054	1
384	7.2300	0.282929	56.5858	1
385	6.4927	0.254121	50.8242	1
386	6.0351	0.236446	47.2892	0
387	5.6383	0.221192	44.2383	0
388	5.2328	0.205379	41.0758	0
389	4.8257	0.189465	37.8930	0
390	4.5607	0.179156	35.8313	0
391	4.3169	0.169679	33.9358	0
392	4.1578	0.163902	32.7804	0
393	4.0087	0.158556	31.7112	0
394	3.7828	0.150514	30.1028	0
395	3.5502	0.142238	28.4476	0
396	3.2291	0.129477	25.8955	0
397	2.9027	0.116456	23.2912	0
398	2.6366	0.105862	21.1724	0
399	2.3724	0.095343	19.0687	0
400	2.1592	0.086809	17.3618	0
401	1.9470	0.078311	15.6622	0
402	1.7682	0.071108	14.2215	0
403	1.5895	0.063908	12.7816	0
404	1.4130	0.056789	11.3577	0
405	1.2394	0.049785	9.9570	0
406	1.1048	0.044352	8.8705	0
407	0.9704	0.038943	7.7885	0
408	0.8378	0.033752	6.7504	0
409	0.7076	0.028663	5.7325	0
410	0.5948	0.024327	4.8655	0
411	0.4891	0.020221	4.0443	0
412	0.4254	0.017489	3.4977	0
413	0.3874	0.016115	3.2230	0
414	0.4767	0.021490	4.2981	0
415	0.5956	0.027468	5.4935	0
416	0.8385	0.035972	7.1944	0
417	1.0088	0.041810	8.3621	0
418	0.9170	0.038030	7.6060	0
419	0.8292	0.034421	6.8841	0
420	0.7541	0.031348	6.2696	0
421	0.6823	0.028406	5.6813	0
422	0.6201	0.025824	5.1648	0
423	0.5617	0.023406	4.6813	0
424	0.5128	0.021391	4.2782	0
425	0.4666	0.019491	3.8981	0
426	0.4265	0.017839	3.5677	0
427	0.3880	0.016253	3.2505	0
428	0.3528	0.014794	2.9588	0
429	0.3201	0.013442	2.6883	0
430	0.2919	0.012275	2.4549	0
431	0.2651	0.011172	2.2344	0
432	0.2408	0.010170	2.0340	0
433	0.2182	0.009238	1.8475	0
434	0.1981	0.008403	1.6805	0
435	0.1804	0.007662	1.5324	0
436	0.1657	0.007042	1.4084	0
437	0.1545	0.006638	1.3276	0
438	0.1474	0.006482	1.2965	0
439	0.3463	0.014796	2.9591	0
440	0.7606	0.031959	6.3917	0
441	1.0212	0.041893	8.3787	0
442	1.1364	0.044986	8.9972	0
443	1.7426	0.073634	14.7268	0
444	2.7696	0.124187	24.8373	0
445	3.1728	0.143569	28.7138	0
446	3.0921	0.138776	27.7551	0
447	2.8992	0.129614	25.9229	0
448	2.6275	0.117391	23.4783	0
449	2.3943	0.106986	21.3971	0
450	2.1854	0.097729	19.5458	0
451	2.2919	0.108437	21.6875	0
452	2.5778	0.130505	26.1010	0
453	3.2295	0.170427	34.0853	0
454	4.0679	0.219461	43.8921	0
455	4.2534	0.232398	46.4796	0
456	4.1412	0.228875	45.7751	0
457	3.8538	0.217187	43.4374	0
458	3.4953	0.202189	40.4377	0
459	3.4735	0.204720	40.9439	0
460	3.5723	0.213530	42.7061	0
461	3.6123	0.210376	42.0752	0
462	3.6338	0.203464	40.6928	0
463	4.3483	0.222304	44.4607	0
464	5.2518	0.248166	49.6333	0
465	5.4309	0.247645	49.5291	0
466	5.4406	0.240953	48.1906	0
467	5.5308	0.237964	47.5928	0
468	5.6369	0.235706	47.1411	0
469	8.1664	0.326191	65.2382	0
470	11.0908	0.431788	86.3575	0
471	12.2790	0.465756	93.1511	0
472	13.2408	0.490381	98.0761	0
473	13.0211	0.478372	95.6743	0
474	12.6836	0.462710	92.5421	0
475	11.9933	0.431881	86.3762	0
476	11.2782	0.399981	79.9962	0
477	10.7255	0.375948	75.1896	0
478	10.1798	0.352253	70.4506	1
479	9.5598	0.329155	65.8311	0
480	8.9392	0.306092	61.2183	0
481	8.3935	0.285922	57.1844	0
482	7.8458	0.265699	53.1398	0
483	7.2407	0.243926	48.7852	0
484	6.6393	0.222411	44.4822	0
485	6.0986	0.205116	41.0233	0
486	5.5631	0.187902	37.5804	0
487	5.0845	0.171575	34.3150	0
488	4.6118	0.155475	31.0950	0
489	4.1890	0.141271	28.2542	0
490	3.7762	0.127405	25.4809	0
491	3.4298	0.115764	23.1528	0
492	3.0921	0.104384	20.8768	0
493	2.8017	0.094409	18.8818	0
494	2.5191	0.084677	16.9355	0
495	2.2722	0.076046	15.2092	0
496	2.0370	0.067855	13.5711	0
497	1.8468	0.061363	12.2726	0
498	1.6655	0.055217	11.0434	0
499	1.5138	0.050224	10.0448	0
500	1.3676	0.045366	9.0732	0
501	1.2375	0.040903	8.1806	0
502	1.1143	0.036725	7.3450	0
503	1.0087	0.033281	6.6563	0
504	0.9049	0.029884	5.9768	0
505	0.8052	0.026592	5.3183	0
506	0.7150	0.023634	4.7268	0
507	0.6443	0.021357	4.2713	0
508	0.5776	0.019208	3.8416	0
509	0.5183	0.017295	3.4590	0
510	0.4469	0.014903	2.9806	0
511	0.3557	0.011725	2.3451	0
512	0.2799	0.009155	1.8310	0
513	0.2268	0.007481	1.4962	0
514	0.1850	0.006167	1.2334	0
515	0.1583	0.005333	1.0666	0
516	0.1368	0.004698	0.9396	0
517	0.1216	0.004301	0.8603	0
518	0.1074	0.003922	0.7844	0
519	0.0943	0.003561	0.7122	0
520	0.0838	0.003261	0.6522	0
521	0.0757	0.003021	0.6041	0
522	0.0686	0.002811	0.5623	0
523	0.0625	0.002630	0.5260	0
524	0.0583	0.002511	0.5023	0
525	0.0556	0.002444	0.4888	0
526	0.0536	0.002373	0.4746	0
527	0.0519	0.002299	0.4598	0
528	0.0509	0.002259	0.4518	0
529	0.0502	0.002241	0.4483	0
530	0.0500	0.002235	0.4470	0
531	0.0500	0.002235	0.4470	0
532	0.0500	0.002235	0.4470	0
533	0.0500	0.002235	0.4470	0
534	0.0500	0.002235	0.4470	0
535	0.0500	0.002235	0.4470	0
536	0.0500	0.002235	0.4470	0
537	0.0500	0.002235	0.4470	0
538	0.5762	0.016787	3.3574	0
539	1.3018	0.036851	7.3703	0
540	2.7182	0.073978	14.7956	0
541	4.3649	0.116791	23.3583	0
542	5.3171	0.147088	29.4175	0
543	6.0673	0.173744	34.7488	0
544	5.7652	0.166115	33.2230	0
545	5.1992	0.149885	29.9770	0
546	4.7178	0.136080	27.2160	0
547	4.2544	0.122792	24.5584	0
548	3.8623	0.111549	22.3098	0
549	3.4829	0.100670	20.1339	0
550	3.1636	0.091513	18.3027	0
551	2.8529	0.082606	16.5212	0
552	2.5929	0.075150	15.0299	0
553	2.3385	0.067857	13.5714	0
554	2.1380	0.062816	12.5633	0
555	1.9418	0.057963	11.5927	0
556	1.7982	0.054612	10.9223	0
557	1.6573	0.051343	10.2685	0
558	2.5516	0.087621	17.5241	0
559	3.4751	0.125016	25.0031	0
560	5.0879	0.182593	36.5186	0
561	6.6920	0.240117	48.0235	0
562	7.8192	0.292820	58.5640	0
563	8.9512	0.345223	69.0447	0
564	10.1810	0.391529	78.3058	0
565	11.2656	0.432127	86.4254	1
566	10.4624	0.398526	79.7051	1
567	9.6720	0.365416	73.0832	1
568	9.0022	0.336933	67.3866	1
569	8.3451	0.309132	61.8265	1
570	7.7800	0.286296	57.2591	1
571	7.2030	0.263308	52.6617	0
572	6.5562	0.239439	47.8877	0
573	5.9263	0.216236	43.2473	0
574	5.3785	0.196286	39.2571	0
575	4.8500	0.177041	35.4081	0
576	4.4015	0.160706	32.1413	0
577	4.0429	0.150529	30.1058	0
578	4.0034	0.162207	32.4415	0
579	4.3381	0.187494	37.4988	0
580	5.8287	0.254828	50.9655	0
581	7.0298	0.306177	61.2354	0
582	7.4455	0.314140	62.8280	0
583	7.5369	0.311372	62.2744	0
584	6.8494	0.282830	56.5660	0
585	6.2020	0.255922	51.1843	0
586	5.6405	0.232506	46.5012	0
587	5.1073	0.210359	42.0718	0
588	4.6281	0.190638	38.1276	0
589	4.4403	0.182004	36.4007	0
590	4.7527	0.192398	38.4796	0
591	4.8703	0.194778	38.9557	0
592	4.6866	0.184773	36.9546	0
593	4.4532	0.173787	34.7574	0
594	4.1503	0.161434	32.2867	0
595	3.8462	0.149109	29.8217	0
596	3.5405	0.136820	27.3640	0
597	3.2347	0.124770	24.9541	0
598	2.9289	0.112993	22.5986	0
599	2.6426	0.101970	20.3941	0
600	2.3767	0.091727	18.3455	0
601	2.1289	0.082234	16.4469	0
602	1.8983	0.073444	14.6887	0
603	1.7040	0.066093	13.2186	0
604	1.5404	0.059963	11.9926	0
605	1.6930	0.063907	12.7813	0
606	2.0879	0.075577	15.1153	0
607	2.1527	0.077046	15.4092	0
608	1.9886	0.071446	14.2893	0
609	1.8175	0.065459	13.0917	0
610	1.6421	0.059228	11.8457	0
611	1.4872	0.053716	10.7433	0
612	1.3439	0.048608	9.7216	0
613	1.2197	0.044167	8.8334	0
614	1.1051	0.040063	8.0125	0
615	1.0050	0.036475	7.2950	0
616	0.9114	0.033121	6.6241	0
617	0.8300	0.030201	6.0401	0
618	0.7534	0.027454	5.4908	0
619	0.6834	0.024798	4.9596	0
620	0.6158	0.022174	4.4347	0
621	0.5399	0.019248	3.8495	0
622	0.4616	0.016228	3.2457	0
623	0.4037	0.014193	2.8387	0
624	0.3514	0.012423	2.4845	0
625	0.3194	0.011342	2.2684	0
626	0.2921	0.010420	2.0840	0
627	0.2692	0.009646	1.9291	0
628	0.2471	0.008900	1.7800	0
629	0.2287	0.008278	1.6556	0
630	0.2109	0.007676	1.5352	0
631	0.1869	0.006825	1.3649	0
632	0.1621	0.005942	1.1884	0
633	0.1471	0.005451	1.0902	0
634	0.1330	0.004997	0.9995	0
635	0.1235	0.004679	0.9359	0
636	0.1143	0.004371	0.8741	0
637	0.1075	0.004147	0.8293	0
638	0.1008	0.003926	0.7852	0
639	0.0961	0.003770	0.7541	0
640	0.0916	0.003619	0.7239	0
641	0.0985	0.003824	0.7648	0
642	0.1050	0.004016	0.8031	0
643	0.0999	0.003852	0.7703	0
644	0.0949	0.003689	0.7377	0
645	0.0904	0.003537	0.7074	0
646	0.0853	0.003366	0.6733	0
647	0.0736	0.002991	0.5983	0
648	0.0850	0.003264	0.6528	0
649	0.2825	0.008781	1.7562	0
650	0.5528	0.017748	3.5496	0
651	1.2910	0.048895	9.7790	0
652	2.0246	0.080055	16.0110	0
653	2.7344	0.111286	22.2572	0
654	3.5617	0.147187	29.4374	0
655	4.9104	0.203791	40.7583	0
656	5.8780	0.244516	48.9032	0
657	5.4013	0.225064	45.0129	0
658	4.9290	0.205699	41.1399	0
659	4.4715	0.186619	37.3238	0
660	4.0353	0.168431	33.6863	0
661	3.6607	0.152809	30.5619	0
662	3.3053	0.137989	27.5978	0
663	2.9986	0.125199	25.0397	0
664	2.7090	0.113122	22.6244	0
665	2.4579	0.102650	20.5300	0
666	2.2219	0.092809	18.5619	0
667	2.0164	0.084236	16.8472	0
668	1.8241	0.076217	15.2435	0
669	1.6558	0.069198	13.8396	0
670	1.4991	0.062665	12.5329	0
671	1.3613	0.056918	11.3835	0
672	1.2336	0.051594	10.3188	0
673	1.1208	0.046889	9.3778	0
674	1.0320	0.042977	8.5953	0
675	0.9751	0.040110	8.0220	0
676	0.9212	0.037593	7.5187	0
677	0.8710	0.035495	7.0989	0
678	0.8099	0.032986	6.5971	0
679	0.7369	0.030033	6.0067	0
680	0.6707	0.027352	5.4703	0
681	0.6109	0.024935	4.9869	0
682	0.5569	0.022747	4.5494	0
683	0.5078	0.020763	4.1526	0
684	0.4638	0.018982	3.7963	0
685	0.4237	0.017362	3.4725	0
686	0.3879	0.015913	3.1826	0
687	0.3552	0.014587	2.9175	0
688	0.3260	0.013407	2.6814	0
689	0.2992	0.012321	2.4643	0
690	0.2736	0.011307	2.2614	0
691	0.2486	0.010335	2.0669	0
692	0.2210	0.009217	1.8433	0
693	0.1919	0.008022	1.6043	0
694	0.1654	0.006915	1.3830	0
695	0.1400	0.005851	1.1702	0
696	0.1125	0.004656	0.9313	0
697	0.0841	0.003407	0.6814	0
698	0.2497	0.010113	2.0226	0
699	0.4878	0.019791	3.9583	0
700	0.5123	0.020806	4.1613	0
701	0.4668	0.018976	3.7951	0
702	0.4276	0.017403	3.4806	0
703	0.3903	0.015904	3.1808	0
704	0.3584	0.014623	2.9246	0
705	0.3279	0.013396	2.6792	0
706	0.3019	0.012353	2.4705	0
707	0.2769	0.011348	2.2696	0
708	0.2557	0.010498	2.0996	0
709	0.2352	0.009676	1.9351	0
710	0.2377	0.009702	1.9404	0
711	0.2434	0.009848	1.9697	0
712	0.2768	0.010609	2.1219	0
713	0.3132	0.011438	2.2876	0
714	0.3765	0.013166	2.6332	0
715	0.4419	0.014966	2.9932	0
716	0.4102	0.013923	2.7845	0
717	0.3734	0.012731	2.5463	0
718	0.3431	0.011747	2.3494	0
719	0.3131	0.010768	2.1536	0
