# river=feather model=basin-input/2 input=precipitation+snowmelt+humidity+fog rows=720
# water_year=2025-07-01/2026-06-30 station=USC00047195 station_name=QUINCY,_CA_US
# fog_baseline_mm_day=0.0500 fog_baseline_norm=0.00154756 fog_window_minutes=180-600 fog_source=https://pubs.usgs.gov/of/1975/0568/report.pdf
# units=input_mm_day norm=0..1 scaled=0..200
frame	input_mm_day	norm	scaled	high_variation
0	0.0500	0.001548	0.3095	0
1	0.0500	0.001548	0.3095	0
2	0.0500	0.001548	0.3095	0
3	0.0500	0.001548	0.3095	0
4	0.0500	0.001548	0.3095	0
5	0.0500	0.001548	0.3095	0
6	0.0500	0.001548	0.3095	0
7	0.0500	0.001548	0.3095	0
8	0.0500	0.001548	0.3095	0
9	0.0500	0.001548	0.3095	0
10	0.0500	0.001548	0.3095	0
11	0.0500	0.001548	0.3095	0
12	0.0500	0.001548	0.3095	0
13	0.0500	0.001548	0.3095	0
14	0.0500	0.001548	0.3095	0
15	0.0500	0.001548	0.3095	0
16	0.0500	0.001548	0.3095	0
17	0.0500	0.001548	0.3095	0
18	0.0500	0.001548	0.3095	0
19	0.0500	0.001548	0.3095	0
20	0.0500	0.001548	0.3095	0
21	0.0500	0.001548	0.3095	0
22	0.0500	0.001548	0.3095	0
23	0.0500	0.001548	0.3095	0
24	0.0500	0.001548	0.3095	0
25	0.0500	0.001548	0.3095	0
26	0.0500	0.001548	0.3095	0
27	0.0500	0.001548	0.3095	0
28	0.0500	0.001548	0.3095	0
29	0.0500	0.001548	0.3095	0
30	0.0500	0.001548	0.3095	0
31	0.0500	0.001548	0.3095	0
32	0.0500	0.001548	0.3095	0
33	0.0500	0.001548	0.3095	0
34	0.0500	0.001548	0.3095	0
35	0.0500	0.001548	0.3095	0
36	0.0500	0.001548	0.3095	0
37	0.0500	0.001548	0.3095	0
38	0.0500	0.001548	0.3095	0
39	0.0500	0.001548	0.3095	0
40	0.0500	0.001548	0.3095	0
41	0.0500	0.001548	0.3095	0
42	0.0500	0.001548	0.3095	0
43	0.0500	0.001548	0.3095	0
44	0.0500	0.001548	0.3095	0
45	0.0500	0.001548	0.3095	0
46	0.0500	0.001548	0.3095	0
47	0.0500	0.001548	0.3095	0
48	0.1606	0.004970	0.9940	0
49	0.3469	0.010737	2.1474	0
50	0.4548	0.014076	2.8151	0
51	0.5142	0.015914	3.1828	0
52	0.5067	0.015684	3.1368	0
53	0.4622	0.014305	2.8611	0
54	0.4230	0.013094	2.6187	0
55	0.3866	0.011965	2.3930	0
56	0.3547	0.010978	2.1956	0
57	0.3248	0.010054	2.0107	0
58	0.2988	0.009250	1.8499	0
59	0.2744	0.008493	1.6986	0
60	0.2532	0.007838	1.5676	0
61	0.2332	0.007219	1.4438	0
62	0.2160	0.006685	1.3371	0
63	0.1996	0.006178	1.2356	0
64	0.1856	0.005744	1.1488	0
65	0.1722	0.005329	1.0657	0
66	0.1607	0.004975	0.9949	0
67	0.1497	0.004635	0.9270	0
68	0.1404	0.004347	0.8693	0
69	0.1314	0.004068	0.8137	0
70	0.1239	0.003834	0.7667	0
71	0.1165	0.003606	0.7211	0
72	0.1103	0.003415	0.6829	0
73	0.1043	0.003228	0.6456	0
74	0.0993	0.003072	0.6145	0
75	0.0943	0.002920	0.5839	0
76	0.0902	0.002793	0.5586	0
77	0.0862	0.002668	0.5336	0
78	0.0829	0.002565	0.5129	0
79	0.0796	0.002462	0.4924	0
80	0.0768	0.002378	0.4756	0
81	0.0741	0.002295	0.4589	0
82	0.0719	0.002226	0.4452	0
83	0.0697	0.002158	0.4316	0
84	0.0679	0.002102	0.4203	0
85	0.0661	0.002046	0.4092	0
86	0.0646	0.002000	0.4000	0
87	0.0632	0.001955	0.3909	0
88	0.0619	0.001917	0.3834	0
89	0.0604	0.001870	0.3741	0
90	0.0566	0.001753	0.3506	0
91	0.0531	0.001645	0.3289	0
92	0.0514	0.001592	0.3184	0
93	0.0500	0.001548	0.3095	0
94	0.0500	0.001548	0.3095	0
95	0.0500	0.001548	0.3095	0
96	0.0500	0.001548	0.3095	0
97	0.0500	0.001548	0.3095	0
98	0.0500	0.001548	0.3095	0
99	0.0500	0.001548	0.3095	0
100	0.0500	0.001548	0.3095	0
101	0.0500	0.001548	0.3095	0
102	0.0500	0.001548	0.3095	0
103	0.0500	0.001548	0.3095	0
104	0.0500	0.001548	0.3095	0
105	0.0500	0.001548	0.3095	0
106	0.0500	0.001548	0.3095	0
107	0.0750	0.002321	0.4641	0
108	0.1495	0.004628	0.9255	0
109	0.2929	0.009067	1.8134	0
110	0.5589	0.017300	3.4599	0
111	0.8171	0.025291	5.0582	0
112	1.0629	0.032897	6.5793	0
113	1.1645	0.036042	7.2085	0
114	1.0582	0.032753	6.5506	0
115	0.9603	0.029723	5.9446	0
116	0.8733	0.027030	5.4060	0
117	0.7935	0.024561	4.9122	0
118	0.7223	0.022356	4.4713	0
119	0.6573	0.020345	4.0690	0
120	0.5990	0.018540	3.7079	0
121	0.5461	0.016901	3.3802	0
122	0.4983	0.015423	3.0846	0
123	0.4552	0.014088	2.8176	0
124	0.4161	0.012878	2.5756	0
125	0.7914	0.024495	4.8989	0
126	1.4954	0.046284	9.2569	0
127	1.6964	0.052506	10.5012	0
128	1.5368	0.047566	9.5131	0
129	1.3947	0.043169	8.6338	0
130	1.2641	0.039124	7.8248	0
131	1.1483	0.035542	7.1085	0
132	1.0413	0.032231	6.4461	0
133	0.9471	0.029313	5.8626	0
134	0.8595	0.026602	5.3203	0
135	0.7827	0.024225	4.8450	0
136	0.7110	0.022005	4.4010	0
137	0.6484	0.020069	4.0139	0
138	0.5897	0.018252	3.6504	0
139	0.5388	0.016675	3.3350	0
140	0.4907	0.015187	3.0374	0
141	0.6815	0.021092	4.2184	0
142	0.9496	0.029390	5.8779	0
143	0.9398	0.029089	5.8178	0
144	0.8519	0.026367	5.2734	0
145	0.7768	0.024042	4.8083	0
146	0.7047	0.021813	4.3626	0
147	0.6436	0.019919	3.9838	0
148	0.5846	0.018094	3.6188	0
149	0.5338	0.016522	3.3045	0
150	0.4844	0.014994	2.9987	0
151	0.4402	0.013625	2.7250	0
152	0.3967	0.012278	2.4557	0
153	0.3599	0.011140	2.2281	0
154	0.3239	0.010025	2.0050	0
155	0.2982	0.009230	1.8459	0
156	0.2733	0.008459	1.6918	0
157	0.2527	0.007822	1.5643	0
158	0.2323	0.007191	1.4381	0
159	0.2155	0.006671	1.3343	0
160	0.1989	0.006155	1.2310	0
161	0.1852	0.005732	1.1464	0
162	0.1716	0.005311	1.0623	0
163	0.1604	0.004965	0.9930	0
164	0.1493	0.004622	0.9244	0
165	0.1402	0.004339	0.8677	0
166	0.1303	0.004033	0.8066	0
167	0.1118	0.003459	0.6918	0
168	0.0947	0.002931	0.5861	0
169	0.0905	0.002802	0.5605	0
170	0.0865	0.002677	0.5355	0
171	0.0831	0.002572	0.5145	0
172	0.0798	0.002470	0.4941	0
173	0.0770	0.002385	0.4769	0
174	0.0744	0.002301	0.4603	0
175	0.0721	0.002231	0.4462	0
176	0.0699	0.002163	0.4327	0
177	0.0680	0.002106	0.4211	0
178	0.1418	0.004389	0.8778	0
179	0.4757	0.014723	2.9446	0
180	0.7991	0.024733	4.9465	0
181	1.0911	0.033770	6.7540	0
182	1.2905	0.039941	7.9883	0
183	1.2454	0.038547	7.7094	0
184	1.6143	0.049965	9.9929	0
185	2.9516	0.091355	18.2709	0
186	3.8327	0.118627	23.7255	0
187	3.7630	0.116470	23.2939	0
188	3.6002	0.111430	22.2860	0
189	3.2636	0.101013	20.2026	0
190	2.9498	0.091301	18.2602	0
191	2.6743	0.082772	16.5544	0
192	2.4186	0.074859	14.9718	0
193	2.1930	0.067876	13.5752	0
194	1.9847	0.061428	12.2857	0
195	1.8000	0.055711	11.1422	0
196	1.6303	0.050458	10.0916	0
197	1.4790	0.045777	9.1554	0
198	1.3407	0.041497	8.2995	0
199	1.2169	0.037665	7.5330	0
200	1.2340	0.038193	7.6386	0
201	1.3935	0.043129	8.6259	0
202	1.4017	0.043384	8.6768	0
203	1.2714	0.039352	7.8704	0
204	1.1693	0.036192	7.2384	0
205	1.0906	0.033755	6.7511	0
206	1.0467	0.032395	6.4790	0
207	1.0288	0.031842	6.3684	0
208	1.6905	0.052322	10.4643	0
209	2.8125	0.087049	17.4098	0
210	3.0562	0.094593	18.9186	0
211	2.7637	0.085538	17.1076	0
212	2.5053	0.077543	15.5087	0
213	2.2658	0.070130	14.0260	0
214	2.0554	0.063618	12.7235	0
215	1.8593	0.057548	11.5096	0
216	1.6879	0.052243	10.4487	0
217	1.5274	0.047274	9.4548	0
218	1.3878	0.042953	8.5906	0
219	1.2563	0.038885	7.7769	0
220	1.1389	0.035249	7.0499	0
221	1.0262	0.031763	6.3525	0
222	0.9291	0.028755	5.7511	0
223	0.8366	0.025892	5.1784	0
224	0.7829	0.024231	4.8462	0
225	0.7393	0.022881	4.5763	0
226	0.6624	0.020504	4.1007	0
227	0.5783	0.017898	3.5796	0
228	0.6788	0.021011	4.2021	0
229	0.8137	0.025185	5.0370	0
230	1.7155	0.053098	10.6196	0
231	2.7339	0.084616	16.9232	0
232	3.0395	0.094077	18.8154	0
233	3.2597	0.100891	20.1782	0
234	3.0060	0.093040	18.6080	0
235	2.7098	0.083872	16.7744	0
236	2.4642	0.076270	15.2539	0
237	2.2217	0.068763	13.7527	0
238	2.0217	0.062573	12.5146	0
239	1.8231	0.056427	11.2855	0
240	1.6602	0.051387	10.2773	0
241	1.4981	0.046368	9.2736	0
242	1.3611	0.042127	8.4255	0
243	1.2253	0.037923	7.5847	0
244	1.1170	0.034573	6.9145	0
245	1.0100	0.031261	6.2522	0
246	0.9210	0.028504	5.7009	0
247	0.8333	0.025791	5.1583	0
248	0.7597	0.023513	4.7026	0
249	0.8007	0.024782	4.9563	0
250	1.7202	0.053243	10.6486	0
251	2.8501	0.088214	17.6428	0
252	5.2707	0.163135	32.6270	0
253	7.1828	0.222316	44.4631	0
254	6.5182	0.201745	40.3489	0
255	5.8764	0.181881	36.3761	0
256	5.3322	0.165039	33.0077	0
257	4.8092	0.148851	29.7702	0
258	4.3637	0.135062	27.0124	0
259	3.9375	0.121870	24.3740	0
260	3.5728	0.110581	22.1161	0
261	3.2254	0.099831	19.9662	0
262	2.9268	0.090588	18.1176	0
263	2.6438	0.081828	16.3656	0
264	2.3993	0.074260	14.8521	0
265	2.2736	0.070370	14.0739	0
266	2.4084	0.074542	14.9083	0
267	5.1008	0.157877	31.5753	0
268	12.8047	0.396319	79.2637	0
269	17.1259	0.530066	106.0133	1
270	15.5020	0.479806	95.9611	1
271	14.0699	0.435480	87.0961	1
272	12.9412	0.400543	80.1086	1
273	12.0862	0.374082	74.8163	1
274	11.6219	0.359712	71.9423	1
275	11.0414	0.341742	68.3484	1
276	10.3109	0.319132	63.8265	1
277	9.4996	0.294022	58.8044	1
278	8.5940	0.265995	53.1990	0
279	7.8515	0.243013	48.6025	0
280	7.2812	0.225360	45.0720	0
281	6.6762	0.206637	41.3274	0
282	6.0382	0.186890	37.3780	0
283	5.4622	0.169061	33.8122	0
284	4.9398	0.152894	30.5787	0
285	4.4706	0.138369	27.6737	0
286	4.0429	0.125132	25.0264	0
287	3.6606	0.113299	22.6598	0
288	3.3104	0.102462	20.4924	0
289	2.9990	0.092823	18.5645	0
290	2.7123	0.083950	16.7900	0
291	2.4492	0.075804	15.1608	0
292	2.1995	0.068077	13.6154	0
293	1.9634	0.060768	12.1537	0
294	1.7342	0.053676	10.7353	0
295	1.5607	0.048304	9.6608	0
296	1.4127	0.043726	8.7452	0
297	1.2838	0.039736	7.9472	0
298	1.1627	0.035988	7.1975	0
299	1.0577	0.032738	6.5475	0
300	0.9586	0.029669	5.9337	0
301	0.8730	0.027022	5.4043	0
302	0.7919	0.024509	4.9018	0
303	0.7222	0.022353	4.4706	0
304	0.6557	0.020296	4.0592	0
305	0.5990	0.018540	3.7080	0
306	0.5446	0.016856	3.3712	0
307	0.4942	0.015296	3.0592	0
308	0.4446	0.013762	2.7523	0
309	0.3051	0.009445	1.8889	0
310	0.1507	0.004664	0.9328	0
311	0.1258	0.003893	0.7786	0
312	0.1182	0.003659	0.7317	0
313	0.1090	0.003373	0.6746	0
314	0.0996	0.003082	0.6163	0
315	0.0855	0.002645	0.5290	0
316	0.0710	0.002197	0.4394	0
317	0.0642	0.001986	0.3972	0
318	0.0577	0.001785	0.3571	0
319	0.0569	0.001760	0.3521	0
320	0.0562	0.001739	0.3477	0
321	0.0530	0.001642	0.3283	0
322	0.0500	0.001548	0.3095	0
323	0.0500	0.001548	0.3095	0
324	0.0500	0.001548	0.3095	0
325	0.0500	0.001548	0.3095	0
326	0.0500	0.001548	0.3095	0
327	0.0500	0.001548	0.3095	0
328	0.0500	0.001548	0.3095	0
329	0.0500	0.001548	0.3095	0
330	0.1198	0.003707	0.7414	0
331	0.6601	0.020432	4.0864	0
332	1.3675	0.042327	8.4653	0
333	2.9936	0.092655	18.5310	0
334	4.2591	0.131825	26.3651	0
335	3.8664	0.119671	23.9341	0
336	3.4882	0.107964	21.5928	0
337	3.1667	0.098013	19.6025	0
338	2.9958	0.092723	18.5445	0
339	3.3348	0.103214	20.6429	0
340	4.7024	0.145544	29.1087	0
341	9.1112	0.282001	56.4002	0
342	15.1758	0.467605	93.5209	1
343	25.5523	0.781184	156.2368	1
344	32.0482	0.979241	195.8482	1
345	29.5838	0.910547	182.1094	1
346	28.6056	0.885374	177.0748	1
347	30.6872	0.949802	189.9605	1
348	32.6791	0.993074	198.6149	1
349	34.5055	0.997340	199.4680	1
350	36.3403	1.000000	200.0000	1
351	38.1888	1.000000	200.0000	1
352	38.3932	1.000000	200.0000	1
353	36.1425	1.000000	200.0000	0
354	33.4904	0.974866	194.9731	0
355	30.2968	0.915840	183.1680	0
356	27.3640	0.846947	169.3893	0
357	24.7493	0.766019	153.2038	0
358	22.3599	0.692063	138.4127	0
359	20.2192	0.625806	125.1611	0
360	18.2725	0.565553	113.1106	1
361	16.5198	0.511305	102.2611	1
362	15.7013	0.485974	97.1947	1
363	15.7291	0.486832	97.3664	1
364	15.7031	0.486027	97.2055	1
365	15.6330	0.483859	96.7717	1
366	15.9391	0.493333	98.6666	0
367	16.5242	0.511442	102.2885	0
368	18.1675	0.562305	112.4611	0
369	20.5196	0.635104	127.0209	0
370	21.0567	0.651730	130.3460	0
371	20.4986	0.634454	126.8907	0
372	19.6791	0.609091	121.8182	0
373	18.7180	0.579343	115.8686	0
374	17.3161	0.535953	107.1906	0
375	15.7002	0.485938	97.1875	0
376	14.4750	0.448016	89.6032	0
377	13.4190	0.415332	83.0664	0
378	12.2589	0.379428	75.8856	0
379	11.0590	0.342288	68.4576	0
380	10.0148	0.309969	61.9939	0
381	9.0233	0.279282	55.8564	0
382	8.1228	0.251408	50.2817	0
383	7.2490	0.224366	44.8732	0
384	6.4207	0.198727	39.7454	0
385	5.6039	0.173446	34.6892	0
386	5.0437	0.156108	31.2216	0
387	4.5393	0.140496	28.0993	0
388	4.0603	0.125670	25.1339	0
389	3.5858	0.110985	22.1971	0
390	3.1847	0.098570	19.7140	0
391	2.7944	0.086491	17.2981	0
392	2.4628	0.076226	15.2452	0
393	2.1380	0.066172	13.2345	0
394	1.9193	0.059404	11.8808	0
395	1.7098	0.052920	10.5840	0
396	1.5553	0.048139	9.6278	0
397	1.4041	0.043457	8.6915	0
398	1.2794	0.039599	7.9197	0
399	1.1556	0.035766	7.1531	0
400	1.0540	0.032624	6.5247	0
401	0.9530	0.029496	5.8993	0
402	0.8700	0.026927	5.3854	0
403	0.7867	0.024348	4.8696	0
404	0.6968	0.021566	4.3131	0
405	0.6081	0.018821	3.7642	0
406	0.5359	0.016586	3.3171	0
407	0.4640	0.014361	2.8721	0
408	0.3952	0.012233	2.4465	0
409	0.3246	0.010047	2.0095	0
410	0.2402	0.007436	1.4871	0
411	0.1634	0.005056	1.0113	0
412	0.1315	0.004071	0.8142	0
413	0.1019	0.003154	0.6308	0
414	0.0833	0.002577	0.5155	0
415	0.1590	0.004922	0.9843	0
416	0.6311	0.019532	3.9065	0
417	0.9807	0.030352	6.0705	0
418	0.8884	0.027496	5.4993	0
419	0.8014	0.024803	4.9607	0
420	0.7309	0.022621	4.5241	0
421	0.6637	0.020544	4.1087	0
422	0.6060	0.018757	3.7513	0
423	0.5513	0.017064	3.4128	0
424	0.5041	0.015601	3.1202	0
425	0.4595	0.014222	2.8443	0
426	0.4208	0.013024	2.6048	0
427	0.3845	0.011900	2.3800	0
428	0.3528	0.010919	2.1839	0
429	0.3232	0.010004	2.0007	0
430	0.2973	0.009201	1.8401	0
431	0.2732	0.008455	1.6909	0
432	0.2519	0.007797	1.5594	0
433	0.2323	0.007189	1.4378	0
434	0.2149	0.006651	1.3302	0
435	0.1989	0.006156	1.2311	0
436	0.1846	0.005715	1.1430	0
437	0.1716	0.005311	1.0623	0
438	0.1600	0.004951	0.9901	0
439	0.2997	0.009275	1.8550	0
440	0.5976	0.018496	3.6991	0
441	0.7098	0.021969	4.3938	0
442	0.6462	0.020002	4.0004	0
443	1.3013	0.040276	8.0552	0
444	2.5722	0.079613	15.9225	0
445	3.0995	0.095933	19.1866	0
446	3.0500	0.094401	18.8802	0
447	2.8688	0.088794	17.7588	0
448	2.5954	0.080331	16.0662	0
449	2.3523	0.072808	14.5615	0
450	2.1285	0.065879	13.1757	0
451	1.9780	0.061220	12.2441	0
452	1.8692	0.057854	11.5709	0
453	2.6186	0.081048	16.2096	0
454	3.8059	0.117797	23.5595	0
455	3.9176	0.121254	24.2509	0
456	3.5388	0.109530	21.9060	0
457	3.2038	0.099161	19.8322	0
458	2.8865	0.089341	17.8683	0
459	2.6169	0.080995	16.1989	0
460	2.3642	0.073176	14.6351	0
461	2.5907	0.080184	16.0368	0
462	2.9676	0.091849	18.3698	0
463	5.1563	0.159593	31.9186	0
464	7.8392	0.242631	48.5262	0
465	8.3950	0.259836	51.9672	0
466	8.4534	0.261643	52.3287	0
467	7.8183	0.241984	48.3968	0
468	7.0462	0.218088	43.6176	0
469	7.0674	0.218745	43.7490	0
470	7.2179	0.223403	44.6805	0
471	9.4129	0.291341	58.2681	0
472	11.8746	0.367532	73.5065	0
473	11.0924	0.343322	68.6644	0
474	9.9868	0.309102	61.8204	0
475	9.0684	0.280676	56.1353	0
476	8.1632	0.252659	50.5319	0
477	7.4153	0.229512	45.9023	0
478	6.6742	0.206573	41.3147	0
479	6.0652	0.187724	37.5449	0
480	5.4593	0.168971	33.7942	0
481	4.9579	0.153452	30.6904	0
482	4.4596	0.138031	27.6062	0
483	4.0537	0.125468	25.0936	0
484	3.6509	0.113001	22.6002	0
485	3.2988	0.102101	20.4202	0
486	2.9532	0.091406	18.2812	0
487	2.6813	0.082988	16.5976	0
488	2.4149	0.074745	14.9490	0
489	2.1958	0.067961	13.5922	0
490	1.9818	0.061339	12.2679	0
491	1.8024	0.055785	11.1570	0
492	1.6278	0.050383	10.0766	0
493	1.4798	0.045801	9.1602	0
494	1.3331	0.041262	8.2524	0
495	1.1928	0.036918	7.3837	0
496	1.0619	0.032866	6.5732	0
497	0.9672	0.029936	5.9873	0
498	0.8765	0.027130	5.4259	0
499	0.7990	0.024731	4.9462	0
500	0.7251	0.022444	4.4888	0
501	0.6617	0.020480	4.0960	0
502	0.5990	0.018540	3.7081	0
503	0.5383	0.016662	3.3323	0
504	0.4701	0.014551	2.9102	0
505	0.3848	0.011911	2.3821	0
506	0.3152	0.009756	1.9511	0
507	0.2774	0.008586	1.7173	0
508	0.2464	0.007627	1.5254	0
509	0.2278	0.007051	1.4101	0
510	0.2060	0.006376	1.2752	0
511	0.1790	0.005540	1.1081	0
512	0.1398	0.004328	0.8656	0
513	0.0827	0.002559	0.5117	0
514	0.0500	0.001548	0.3095	0
515	0.0500	0.001548	0.3095	0
516	0.0500	0.001548	0.3095	0
517	0.0500	0.001548	0.3095	0
518	0.0500	0.001548	0.3095	0
519	0.0500	0.001548	0.3095	0
520	0.0500	0.001548	0.3095	0
521	0.0500	0.001548	0.3095	0
522	0.0500	0.001548	0.3095	0
523	0.0500	0.001548	0.3095	0
524	0.0500	0.001548	0.3095	0
525	0.0500	0.001548	0.3095	0
526	0.0500	0.001548	0.3095	0
527	0.0500	0.001548	0.3095	0
528	0.0500	0.001548	0.3095	0
529	0.0500	0.001548	0.3095	0
530	0.0500	0.001548	0.3095	0
531	0.0500	0.001548	0.3095	0
532	0.0500	0.001548	0.3095	0
533	0.0500	0.001548	0.3095	0
534	0.0500	0.001548	0.3095	0
535	0.0500	0.001548	0.3095	0
536	0.0500	0.001548	0.3095	0
537	0.0500	0.001548	0.3095	0
538	0.0500	0.001548	0.3095	0
539	0.0500	0.001548	0.3095	0
540	1.4689	0.045464	9.0927	0
541	3.3607	0.104018	20.8037	0
542	5.7010	0.176453	35.2906	0
543	8.1717	0.252923	50.5847	0
544	8.0350	0.248692	49.7384	0
545	7.2442	0.224216	44.8433	0
546	6.5716	0.203397	40.6794	0
547	5.9241	0.183358	36.6716	0
548	5.3763	0.166402	33.2804	0
549	4.8462	0.149996	29.9991	0
550	4.4001	0.136187	27.2374	0
551	3.9661	0.122754	24.5509	0
552	3.6027	0.111509	22.3018	0
553	3.2474	0.100511	20.1023	0
554	2.9516	0.091354	18.2708	0
555	2.6606	0.082350	16.4699	0
556	2.4197	0.074892	14.9785	0
557	2.1815	0.067520	13.5041	0
558	3.4803	0.107720	21.5441	0
559	4.8226	0.149264	29.8528	0
560	6.5646	0.203181	40.6361	0
561	8.3396	0.258119	51.6239	0
562	11.5355	0.357038	71.4076	0
563	14.5718	0.451014	90.2029	0
564	14.3487	0.444107	88.8214	0
565	14.0491	0.434834	86.9668	0
566	12.7559	0.394809	78.9619	1
567	11.4853	0.355482	71.0965	1
568	10.4265	0.322713	64.5426	1
569	9.3910	0.290661	58.1323	1
570	8.5242	0.263832	52.7664	1
571	7.6802	0.237711	47.5422	0
572	6.9705	0.215745	43.1490	0
573	6.2827	0.194457	38.8914	0
574	5.7017	0.176473	35.2946	0
575	5.1412	0.159124	31.8249	0
576	4.6654	0.144400	28.8800	0
577	4.2087	0.130263	26.0525	0
578	3.8192	0.118207	23.6415	0
579	3.5859	0.110987	22.1975	0
580	3.8353	0.118707	23.7414	0
581	4.1929	0.129773	25.9547	0
582	4.8438	0.149922	29.9845	0
583	5.1493	0.159378	31.8756	0
584	4.6251	0.143151	28.6301	0
585	4.1445	0.128276	25.6553	0
586	3.7574	0.116296	23.2593	0
587	3.3944	0.105062	21.0124	0
588	3.0775	0.095253	19.0507	0
589	2.8092	0.086949	17.3897	0
590	2.6243	0.081225	16.2450	0
591	2.4233	0.075003	15.0005	0
592	2.1973	0.068010	13.6019	0
593	2.0857	0.064556	12.9113	0
594	2.1337	0.066040	13.2080	0
595	2.1778	0.067405	13.4809	0
596	2.2170	0.068619	13.7238	0
597	2.1442	0.066364	13.2728	0
598	1.9434	0.060150	12.0299	0
599	1.7492	0.054138	10.8276	0
600	1.5617	0.048337	9.6673	0
601	1.3868	0.042924	8.5848	0
602	1.2237	0.037875	7.5750	0
603	1.0622	0.032877	6.5755	0
604	0.9022	0.027923	5.5845	0
605	0.9724	0.030097	6.0194	0
606	1.2193	0.037740	7.5479	0
607	1.3066	0.040440	8.0880	0
608	1.2832	0.039715	7.9430	0
609	1.2050	0.037297	7.4593	0
610	1.0927	0.033820	6.7639	0
611	0.9934	0.030746	6.1492	0
612	0.9014	0.027899	5.5799	0
613	0.8205	0.025396	5.0791	0
614	0.7452	0.023065	4.6130	0
615	0.6793	0.021026	4.2051	0
616	0.6177	0.019117	3.8235	0
617	0.5640	0.017456	3.4912	0
618	0.5135	0.015894	3.1788	0
619	0.4698	0.014541	2.9082	0
620	0.4285	0.013262	2.6523	0
621	0.3864	0.011958	2.3916	0
622	0.3440	0.010647	2.1294	0
623	0.3021	0.009350	1.8699	0
624	0.2603	0.008056	1.6111	0
625	0.2374	0.007346	1.4693	0
626	0.2188	0.006771	1.3543	0
627	0.2030	0.006284	1.2567	0
628	0.1878	0.005813	1.1625	0
629	0.1750	0.005416	1.0831	0
630	0.1625	0.005030	1.0060	0
631	0.1511	0.004676	0.9352	0
632	0.1398	0.004326	0.8651	0
633	0.1313	0.004065	0.8130	0
634	0.1232	0.003813	0.7626	0
635	0.1132	0.003502	0.7005	0
636	0.1030	0.003188	0.6375	0
637	0.0946	0.002928	0.5856	0
638	0.0863	0.002671	0.5341	0
639	0.0829	0.002566	0.5131	0
640	0.0801	0.002479	0.4958	0
641	0.1240	0.003837	0.7673	0
642	0.1659	0.005134	1.0268	0
643	0.1552	0.004804	0.9608	0
644	0.1447	0.004477	0.8955	0
645	0.1359	0.004207	0.8414	0
646	0.1269	0.003927	0.7855	0
647	0.1147	0.003550	0.7101	0
648	0.1032	0.003193	0.6387	0
649	0.0968	0.002997	0.5994	0
650	0.2627	0.008129	1.6259	0
651	1.5352	0.047517	9.5035	0
652	2.5873	0.080080	16.0160	0
653	2.4759	0.076632	15.3265	0
654	2.5685	0.079499	15.8997	0
655	3.5654	0.110353	22.0706	0
656	4.2717	0.132213	26.4427	0
657	3.8767	0.119990	23.9979	0
658	3.4985	0.108283	21.6566	0
659	3.1751	0.098273	19.6547	0
660	2.8669	0.088732	17.7465	0
661	2.6021	0.080537	16.1075	0
662	2.3509	0.072763	14.5525	0
663	2.1341	0.066053	13.2106	0
664	1.9294	0.059718	11.9435	0
665	1.7519	0.054224	10.8449	0
666	1.5851	0.049062	9.8124	0
667	1.4398	0.044564	8.9129	0
668	1.3039	0.040358	8.0716	0
669	1.1850	0.036676	7.3352	0
670	1.0742	0.033248	6.6497	0
671	0.9768	0.030234	6.0467	0
672	0.8866	0.027441	5.4882	0
673	0.8068	0.024973	4.9945	0
674	0.7333	0.022697	4.5395	0
675	0.6680	0.020676	4.1353	0
676	0.6081	0.018823	3.7645	0
677	0.5547	0.017168	3.4336	0
678	0.5059	0.015658	3.1315	0
679	0.4621	0.014303	2.8606	0
680	0.4224	0.013073	2.6145	0
681	0.3865	0.011963	2.3927	0
682	0.3538	0.010949	2.1899	0
683	0.3237	0.010020	2.0040	0
684	0.2971	0.009196	1.8391	0
685	0.2732	0.008456	1.6912	0
686	0.2518	0.007794	1.5589	0
687	0.2323	0.007189	1.4378	0
688	0.2148	0.006650	1.3299	0
689	0.1988	0.006154	1.2308	0
690	0.1846	0.005715	1.1430	0
691	0.1715	0.005309	1.0618	0
692	0.1475	0.004564	0.9128	0
693	0.1176	0.003639	0.7278	0
694	0.1031	0.003191	0.6383	0
695	0.0959	0.002970	0.5939	0
696	0.0782	0.002421	0.4842	0
697	0.0560	0.001734	0.3469	0
698	0.0500	0.001548	0.3095	0
699	0.0500	0.001548	0.3095	0
700	0.0500	0.001548	0.3095	0
701	0.0500	0.001548	0.3095	0
702	0.0500	0.001548	0.3095	0
703	0.0500	0.001548	0.3095	0
704	0.0500	0.001548	0.3095	0
705	0.0500	0.001548	0.3095	0
706	0.0500	0.001548	0.3095	0
707	0.0500	0.001548	0.3095	0
708	0.0500	0.001548	0.3095	0
709	0.0500	0.001548	0.3095	0
710	0.0500	0.001548	0.3095	0
711	0.0500	0.001548	0.3095	0
712	0.0500	0.001548	0.3095	0
713	0.0500	0.001548	0.3095	0
714	0.2225	0.006887	1.3774	0
715	0.4088	0.012654	2.5308	0
716	0.3860	0.011946	2.3891	0
717	0.3522	0.010900	2.1800	0
718	0.3244	0.010040	2.0079	0
719	0.2967	0.009184	1.8367	0
