# river=mill_creek model=basin-input/2 input=precipitation+snowmelt+humidity+fog rows=720
# water_year=2025-07-01/2026-06-30 station=USC00045679 station_name=MINERAL,_CA_US
# fog_baseline_mm_day=0.0500 fog_baseline_norm=0.00140961 fog_window_minutes=180-600 fog_source=https://pubs.usgs.gov/of/1975/0568/report.pdf
# units=input_mm_day norm=0..1 scaled=0..200
frame	input_mm_day	norm	scaled	high_variation
0	0.0500	0.001410	0.2819	0
1	0.0500	0.001410	0.2819	0
2	0.0500	0.001410	0.2819	0
3	0.0500	0.001410	0.2819	0
4	0.0500	0.001410	0.2819	0
5	0.0500	0.001410	0.2819	0
6	0.0500	0.001410	0.2819	0
7	0.0500	0.001410	0.2819	0
8	0.0500	0.001410	0.2819	0
9	0.0500	0.001410	0.2819	0
10	0.0500	0.001410	0.2819	0
11	0.0500	0.001410	0.2819	0
12	0.0500	0.001410	0.2819	0
13	0.0500	0.001410	0.2819	0
14	0.0500	0.001410	0.2819	0
15	0.0500	0.001410	0.2819	0
16	0.0500	0.001410	0.2819	0
17	0.0500	0.001410	0.2819	0
18	0.0500	0.001410	0.2819	0
19	0.0500	0.001410	0.2819	0
20	0.0500	0.001410	0.2819	0
21	0.0500	0.001410	0.2819	0
22	0.0500	0.001410	0.2819	0
23	0.0500	0.001410	0.2819	0
24	0.0500	0.001410	0.2819	0
25	0.0500	0.001410	0.2819	0
26	0.0500	0.001410	0.2819	0
27	0.0500	0.001410	0.2819	0
28	0.0500	0.001410	0.2819	0
29	0.0500	0.001410	0.2819	0
30	0.0500	0.001410	0.2819	0
31	0.0500	0.001410	0.2819	0
32	0.0500	0.001410	0.2819	0
33	0.0500	0.001410	0.2819	0
34	0.0500	0.001410	0.2819	0
35	0.0500	0.001410	0.2819	0
36	0.0500	0.001410	0.2819	0
37	0.0500	0.001410	0.2819	0
38	0.0500	0.001410	0.2819	0
39	0.0500	0.001410	0.2819	0
40	0.0500	0.001410	0.2819	0
41	0.0500	0.001410	0.2819	0
42	0.0500	0.001410	0.2819	0
43	0.0500	0.001410	0.2819	0
44	0.0500	0.001410	0.2819	0
45	0.0500	0.001410	0.2819	0
46	0.0500	0.001410	0.2819	0
47	0.0500	0.001410	0.2819	0
48	0.0500	0.001410	0.2819	0
49	0.0500	0.001410	0.2819	0
50	0.0500	0.001410	0.2819	0
51	0.0500	0.001410	0.2819	0
52	0.0500	0.001410	0.2819	0
53	0.0500	0.001410	0.2819	0
54	0.0500	0.001410	0.2819	0
55	0.0500	0.001410	0.2819	0
56	0.0500	0.001410	0.2819	0
57	0.0500	0.001410	0.2819	0
58	0.0500	0.001410	0.2819	0
59	0.0500	0.001410	0.2819	0
60	0.0500	0.001410	0.2819	0
61	0.0500	0.001410	0.2819	0
62	0.0500	0.001410	0.2819	0
63	0.0500	0.001410	0.2819	0
64	0.0500	0.001410	0.2819	0
65	0.0500	0.001410	0.2819	0
66	0.0500	0.001410	0.2819	0
67	0.0500	0.001410	0.2819	0
68	0.0500	0.001410	0.2819	0
69	0.0500	0.001410	0.2819	0
70	0.0500	0.001410	0.2819	0
71	0.0500	0.001410	0.2819	0
72	0.0500	0.001410	0.2819	0
73	0.0500	0.001410	0.2819	0
74	0.0500	0.001410	0.2819	0
75	0.0500	0.001410	0.2819	0
76	0.0500	0.001410	0.2819	0
77	0.0500	0.001410	0.2819	0
78	0.0500	0.001410	0.2819	0
79	0.0500	0.001410	0.2819	0
80	0.0500	0.001410	0.2819	0
81	0.0500	0.001410	0.2819	0
82	0.0500	0.001410	0.2819	0
83	0.0500	0.001410	0.2819	0
84	0.0500	0.001410	0.2819	0
85	0.0500	0.001410	0.2819	0
86	0.0500	0.001410	0.2819	0
87	0.0500	0.001410	0.2819	0
88	0.0500	0.001410	0.2819	0
89	0.0500	0.001410	0.2819	0
90	0.0500	0.001410	0.2819	0
91	0.0500	0.001410	0.2819	0
92	0.0500	0.001410	0.2819	0
93	0.0500	0.001410	0.2819	0
94	0.0500	0.001410	0.2819	0
95	0.0500	0.001410	0.2819	0
96	0.0500	0.001410	0.2819	0
97	0.0500	0.001410	0.2819	0
98	0.0500	0.001410	0.2819	0
99	0.0500	0.001410	0.2819	0
100	0.0500	0.001410	0.2819	0
101	0.0500	0.001410	0.2819	0
102	0.0500	0.001410	0.2819	0
103	0.0500	0.001410	0.2819	0
104	0.0500	0.001410	0.2819	0
105	0.0500	0.001410	0.2819	0
106	0.0500	0.001410	0.2819	0
107	0.0500	0.001410	0.2819	0
108	0.0500	0.001410	0.2819	0
109	0.0500	0.001410	0.2819	0
110	0.0500	0.001410	0.2819	0
111	0.0500	0.001410	0.2819	0
112	0.0500	0.001410	0.2819	0
113	0.0500	0.001410	0.2819	0
114	0.0500	0.001410	0.2819	0
115	0.0500	0.001410	0.2819	0
116	0.0500	0.001410	0.2819	0
117	0.0500	0.001410	0.2819	0
118	0.0500	0.001410	0.2819	0
119	0.0500	0.001410	0.2819	0
120	0.0500	0.001410	0.2819	0
121	0.0500	0.001410	0.2819	0
122	0.0500	0.001410	0.2819	0
123	0.0500	0.001410	0.2819	0
124	0.0500	0.001410	0.2819	0
125	0.5228	0.014739	2.9479	0
126	1.3706	0.038641	7.7282	0
127	1.6352	0.046099	9.2197	0
128	1.4815	0.041766	8.3532	0
129	1.3447	0.037910	7.5820	0
130	1.2189	0.034363	6.8726	0
131	1.1075	0.031222	6.2444	0
132	1.0045	0.028318	5.6635	0
133	0.9137	0.025759	5.1518	0
134	0.8294	0.023381	4.6762	0
135	0.7554	0.021297	4.2594	0
136	0.6864	0.019350	3.8701	0
137	0.6919	0.019507	3.9014	0
138	0.7286	0.020540	4.1080	0
139	0.6923	0.019516	3.9033	0
140	0.6291	0.017735	3.5470	0
141	3.7782	0.106517	21.3033	0
142	7.9670	0.224607	44.9214	0
143	8.2767	0.233337	46.6673	0
144	7.4936	0.211260	42.2520	0
145	6.8248	0.192405	38.4810	0
146	6.1837	0.174330	34.8661	0
147	5.6158	0.158320	31.6640	0
148	5.0629	0.142734	28.5468	0
149	4.5957	0.129562	25.9123	0
150	4.1430	0.116801	23.3601	0
151	3.7625	0.106073	21.2147	0
152	3.3919	0.095626	19.1251	0
153	3.0820	0.086889	17.3779	0
154	2.7786	0.078336	15.6671	0
155	2.5263	0.071221	14.2443	0
156	2.2779	0.064218	12.8436	0
157	2.0724	0.058425	11.6850	0
158	1.8690	0.052691	10.5382	0
159	1.7746	0.050029	10.0058	0
160	1.6824	0.047431	9.4862	0
161	1.5326	0.043207	8.6413	0
162	1.3835	0.039003	7.8007	0
163	1.2608	0.035545	7.1089	0
164	1.1393	0.032119	6.4237	0
165	1.0388	0.029287	5.8574	0
166	0.9388	0.026467	5.2934	0
167	0.8439	0.023790	4.7581	0
168	0.7520	0.021199	4.2399	0
169	0.6869	0.019366	3.8732	0
170	0.6234	0.017575	3.5150	0
171	0.5702	0.016074	3.2148	0
172	0.5184	0.014614	2.9229	0
173	0.4748	0.013385	2.6771	0
174	0.4326	0.012196	2.4392	0
175	0.3969	0.011190	2.2379	0
176	0.3625	0.010220	2.0440	0
177	0.3333	0.009397	1.8793	0
178	0.5547	0.015639	3.1278	0
179	1.6381	0.046181	9.2362	0
180	2.3955	0.067535	13.5070	0
181	2.1752	0.061324	12.2648	0
182	1.9484	0.054930	10.9860	0
183	1.7045	0.048053	9.6105	0
184	1.4927	0.042082	8.4163	0
185	1.3561	0.038232	7.6463	0
186	1.2276	0.034608	6.9215	0
187	1.1158	0.031456	6.2911	0
188	1.0112	0.028507	5.7014	0
189	0.9200	0.025938	5.1876	0
190	0.8351	0.023543	4.7086	0
191	0.7605	0.021440	4.2879	0
192	0.6913	0.019488	3.8977	0
193	0.6302	0.017766	3.5533	0
194	0.5738	0.016176	3.2353	0
195	0.5238	0.014766	2.9533	0
196	0.4778	0.013471	2.6942	0
197	0.4369	0.012317	2.4633	0
198	0.3994	0.011261	2.2523	0
199	0.3659	0.010316	2.0632	0
200	0.3349	0.009441	1.8881	0
201	0.3063	0.008635	1.7271	0
202	0.2810	0.007923	1.5846	0
203	0.2588	0.007295	1.4590	0
204	0.2387	0.006729	1.3459	0
205	0.2205	0.006215	1.2431	0
206	0.2041	0.005755	1.1509	0
207	0.1892	0.005334	1.0668	0
208	0.1759	0.004959	0.9917	0
209	0.1637	0.004614	0.9228	0
210	0.1528	0.004308	0.8617	0
211	0.1428	0.004026	0.8052	0
212	0.1340	0.003777	0.7554	0
213	0.1258	0.003546	0.7092	0
214	0.1186	0.003343	0.6687	0
215	0.1119	0.003154	0.6308	0
216	0.1060	0.002989	0.5978	0
217	0.1005	0.002834	0.5668	0
218	0.0958	0.002700	0.5399	0
219	0.0913	0.002573	0.5146	0
220	0.0750	0.002114	0.4228	0
221	0.0547	0.001542	0.3083	0
222	0.0500	0.001410	0.2819	0
223	0.0500	0.001410	0.2819	0
224	0.0500	0.001410	0.2819	0
225	0.0500	0.001410	0.2819	0
226	0.0500	0.001410	0.2819	0
227	0.0500	0.001410	0.2819	0
228	0.0500	0.001410	0.2819	0
229	0.0500	0.001410	0.2819	0
230	0.0500	0.001410	0.2819	0
231	0.0500	0.001410	0.2819	0
232	0.0500	0.001410	0.2819	0
233	0.0500	0.001410	0.2819	0
234	0.0500	0.001410	0.2819	0
235	0.0500	0.001410	0.2819	0
236	0.0500	0.001410	0.2819	0
237	0.0500	0.001410	0.2819	0
238	0.0500	0.001410	0.2819	0
239	0.0500	0.001410	0.2819	0
240	0.0500	0.001410	0.2819	0
241	0.0500	0.001410	0.2819	0
242	0.0500	0.001410	0.2819	0
243	0.0500	0.001410	0.2819	0
244	0.0500	0.001410	0.2819	0
245	0.0500	0.001410	0.2819	0
246	0.0500	0.001410	0.2819	0
247	0.1446	0.004077	0.8153	0
248	1.1881	0.033494	6.6988	0
249	2.4741	0.069751	13.9503	0
250	5.6203	0.158450	31.6899	0
251	8.2797	0.233424	46.6848	0
252	7.9515	0.224170	44.8340	0
253	7.5975	0.214190	42.8379	0
254	7.1130	0.200530	40.1060	0
255	6.6043	0.186188	37.2376	0
256	5.9921	0.168931	33.7862	0
257	5.4038	0.152344	30.4688	0
258	4.9026	0.138215	27.6430	0
259	4.4232	0.124698	24.9397	0
260	4.0128	0.113130	22.6261	0
261	3.6221	0.102116	20.4231	0
262	3.2862	0.092645	18.5289	0
263	2.9678	0.083669	16.7338	0
264	2.6928	0.075915	15.1830	0
265	3.2328	0.091140	18.2281	0
266	5.5604	0.156759	31.3519	0
267	8.2585	0.232826	46.5652	0
268	11.6828	0.329363	65.8726	0
269	13.4055	0.377931	75.5861	0
270	12.1377	0.342188	68.4376	0
271	10.9589	0.308955	61.7911	0
272	9.9209	0.279692	55.9384	0
273	8.9605	0.252614	50.5229	0
274	8.1106	0.228656	45.7311	0
275	8.3007	0.234015	46.8029	0
276	9.8316	0.277173	55.4347	0
277	10.2067	0.287748	57.5497	0
278	9.2334	0.260309	52.0618	0
279	8.5106	0.239933	47.9866	0
280	8.0526	0.227019	45.4037	0
281	7.5828	0.213776	42.7551	0
282	7.1019	0.200218	40.0435	0
283	6.5429	0.184458	36.8917	0
284	5.9162	0.166792	33.3583	0
285	5.3533	0.150920	30.1839	0
286	4.8402	0.136455	27.2911	0
287	4.3816	0.123525	24.7051	0
288	3.9615	0.111683	22.3366	0
289	3.5783	0.100881	20.1761	0
290	3.2188	0.090744	18.1488	0
291	2.8788	0.081158	16.2316	0
292	2.5500	0.071890	14.3780	0
293	2.2893	0.064539	12.9078	0
294	2.0636	0.058178	11.6357	0
295	1.8682	0.052669	10.5338	0
296	1.6867	0.047553	9.5106	0
297	1.5309	0.043158	8.6317	0
298	1.3855	0.039061	7.8121	0
299	1.2595	0.035508	7.1015	0
300	1.1405	0.032153	6.4305	0
301	1.0378	0.029259	5.8518	0
302	0.9404	0.026512	5.3024	0
303	0.8568	0.024155	4.8310	0
304	0.7770	0.021906	4.3812	0
305	0.7089	0.019986	3.9973	0
306	0.6436	0.018145	3.6290	0
307	0.5563	0.015683	3.1367	0
308	0.4646	0.013097	2.6193	0
309	0.3675	0.010362	2.0723	0
310	0.2696	0.007602	1.5204	0
311	0.2412	0.006801	1.3602	0
312	0.2221	0.006263	1.2525	0
313	0.2062	0.005813	1.1626	0
314	0.1906	0.005372	1.0744	0
315	0.1776	0.005006	1.0012	0
316	0.1648	0.004645	0.9290	0
317	0.1223	0.003447	0.6893	0
318	0.0784	0.002210	0.4420	0
319	0.0751	0.002116	0.4232	0
320	0.0725	0.002044	0.4088	0
321	0.0654	0.001843	0.3685	0
322	0.0583	0.001644	0.3287	0
323	0.0540	0.001523	0.3047	0
324	0.0500	0.001410	0.2819	0
325	0.0500	0.001410	0.2819	0
326	0.0500	0.001410	0.2819	0
327	0.0500	0.001410	0.2819	0
328	0.0500	0.001410	0.2819	0
329	0.0500	0.001410	0.2819	0
330	0.0861	0.002427	0.4854	0
331	0.3656	0.010307	2.0613	0
332	1.1450	0.032280	6.4560	0
333	4.6739	0.131767	26.3534	0
334	7.4577	0.210247	42.0495	0
335	6.8139	0.192098	38.4197	0
336	6.3056	0.177769	35.5537	0
337	6.3282	0.178406	35.6812	0
338	6.8034	0.191802	38.3603	0
339	8.8106	0.248389	49.6778	0
340	11.7468	0.331168	66.2335	0
341	17.4297	0.491381	98.2762	1
342	23.7665	0.662326	132.4652	1
343	31.8060	0.861215	172.2430	1
344	36.9525	0.995321	199.0643	1
345	35.4186	0.979839	195.9679	1
346	35.4864	0.974480	194.8961	1
347	38.8519	0.989962	197.9925	1
348	41.8585	1.000000	200.0000	1
349	44.2033	1.000000	200.0000	1
350	44.0905	1.000000	200.0000	1
351	39.9056	1.000000	200.0000	1
352	36.0245	0.972282	194.4564	0
353	32.5970	0.903176	180.6353	0
354	29.4343	0.829816	165.9631	0
355	26.6286	0.750717	150.1435	0
356	24.0531	0.678109	135.6219	0
357	21.7584	0.613417	122.6834	0
358	19.6600	0.554259	110.8517	0
359	17.7784	0.501210	100.2421	1
360	16.3700	0.461507	92.3013	1
361	15.4350	0.435147	87.0294	1
362	15.6458	0.441090	88.2179	1
363	16.8944	0.476291	95.2581	1
364	18.1088	0.510524	102.1049	1
365	19.2949	0.543965	108.7930	0
366	22.3199	0.629245	125.8489	0
367	26.7085	0.752969	150.5938	1
368	27.0757	0.763322	152.6645	0
369	24.7498	0.697749	139.5497	0
370	22.6509	0.638576	127.7153	1
371	20.6890	0.583268	116.6535	1
372	18.8137	0.530399	106.0798	1
373	16.9854	0.478853	95.7707	1
374	15.6690	0.441743	88.3487	1
375	14.6014	0.411645	82.3290	1
376	13.3671	0.376848	75.3696	1
377	12.0607	0.340016	68.0032	0
378	11.7608	0.331562	66.3125	0
379	11.8475	0.334006	66.8013	0
380	11.4825	0.323715	64.7430	0
381	10.9646	0.309116	61.8232	0
382	10.5716	0.298035	59.6070	0
383	10.2154	0.287993	57.5986	0
384	9.9256	0.279825	55.9649	0
385	9.6528	0.272134	54.4268	0
386	9.7789	0.275689	55.1378	0
387	9.9917	0.281688	56.3376	0
388	10.1231	0.285392	57.0784	0
389	10.2397	0.288678	57.7357	0
390	10.8503	0.305894	61.1787	0
391	11.5342	0.325174	65.0348	0
392	11.9492	0.336872	67.3745	0
393	12.3328	0.347687	69.5374	0
394	11.4820	0.323702	64.7404	0
395	10.5244	0.296705	59.3409	0
396	9.5679	0.269740	53.9479	0
397	8.6115	0.242777	48.5553	0
398	7.8232	0.220552	44.1105	0
399	7.0401	0.198476	39.6952	0
400	6.3983	0.180380	36.0761	0
401	5.7592	0.162365	32.4730	0
402	5.2253	0.147312	29.4624	0
403	4.6943	0.132341	26.4682	0
404	4.2269	0.119165	23.8330	0
405	3.7652	0.106148	21.2296	0
406	3.3801	0.095291	19.0582	0
407	2.9967	0.084483	16.8966	0
408	2.6301	0.074149	14.8299	0
409	2.2819	0.064332	12.8665	0
410	2.0706	0.058374	11.6749	0
411	1.8648	0.052574	10.5148	0
412	1.6927	0.047720	9.5440	0
413	1.5263	0.043029	8.6058	0
414	1.3886	0.039147	7.8294	0
415	1.3134	0.037029	7.4057	0
416	1.5010	0.042316	8.4631	0
417	1.6160	0.045558	9.1116	0
418	1.4694	0.041424	8.2848	0
419	1.3249	0.037353	7.4705	0
420	1.1874	0.033476	6.6952	0
421	1.0588	0.029849	5.9698	0
422	0.9546	0.026911	5.3823	0
423	0.8553	0.024113	4.8226	0
424	0.7681	0.021654	4.3307	0
425	0.6855	0.019326	3.8651	0
426	0.6130	0.017283	3.4565	0
427	0.5434	0.015320	3.0641	0
428	0.4794	0.013515	2.7029	0
429	0.4195	0.011827	2.3654	0
430	0.3669	0.010344	2.0687	0
431	0.3146	0.008869	1.7738	0
432	0.2628	0.007409	1.4817	0
433	0.2165	0.006105	1.2210	0
434	0.1781	0.005022	1.0044	0
435	0.1512	0.004262	0.8524	0
436	0.1388	0.003913	0.7827	0
437	0.1287	0.003628	0.7256	0
438	0.1211	0.003415	0.6831	0
439	0.1143	0.003222	0.6443	0
440	0.1081	0.003047	0.6095	0
441	0.1025	0.002890	0.5779	0
442	0.0974	0.002747	0.5494	0
443	0.5895	0.016620	3.3240	0
444	1.5077	0.042506	8.5012	0
445	1.8652	0.052584	10.5169	0
446	1.7878	0.050402	10.0804	0
447	1.7077	0.048143	9.6286	0
448	1.6257	0.045831	9.1662	0
449	1.5071	0.042488	8.4976	0
450	1.3654	0.038494	7.6988	0
451	1.5431	0.043504	8.7008	0
452	1.9026	0.053637	10.7275	0
453	2.2203	0.062596	12.5192	0
454	2.5168	0.070955	14.1909	0
455	2.4493	0.069052	13.8104	0
456	2.2159	0.062470	12.4941	0
457	2.0082	0.056616	11.3232	0
458	1.8110	0.051057	10.2114	0
459	1.6465	0.046418	9.2836	0
460	1.4936	0.042109	8.4218	0
461	1.3596	0.038331	7.6662	0
462	1.2315	0.034720	6.9440	0
463	2.0542	0.057912	11.5825	0
464	3.1362	0.088415	17.6830	0
465	4.5924	0.129471	25.8942	0
466	6.1363	0.172995	34.5990	0
467	9.0957	0.256428	51.2856	0
468	12.3346	0.347738	69.5476	0
469	17.9026	0.504713	100.9425	1
470	23.8502	0.672387	134.4774	1
471	28.7774	0.811297	162.2595	1
472	33.5716	0.946456	189.2912	1
473	31.7233	0.894348	178.8696	1
474	29.2128	0.823570	164.7140	1
475	27.6059	0.778270	155.6540	1
476	26.0629	0.734768	146.9535	1
477	25.4133	0.716454	143.2909	1
478	24.8021	0.699224	139.8448	1
479	23.9082	0.674022	134.8044	1
480	22.9995	0.648405	129.6810	1
481	20.8919	0.588986	117.7972	1
482	18.7968	0.529922	105.9844	0
483	17.0712	0.481274	96.2547	0
484	15.3629	0.433112	86.6223	0
485	13.9362	0.392892	78.5784	0
486	12.5788	0.354622	70.9245	0
487	11.9915	0.338066	67.6131	0
488	11.3548	0.320115	64.0229	0
489	10.3059	0.290545	58.1090	0
490	9.2823	0.261687	52.3373	0
491	8.4246	0.237509	47.5017	0
492	7.5903	0.213985	42.7971	0
493	6.8810	0.193989	38.7978	0
494	6.1950	0.174650	34.9300	0
495	5.6142	0.158278	31.6555	0
496	5.0567	0.142558	28.5116	0
497	4.5883	0.129355	25.8709	0
498	4.1396	0.116704	23.3408	0
499	3.7562	0.105894	21.1789	0
500	3.3905	0.095585	19.1171	0
501	3.0765	0.086734	17.3467	0
502	2.7785	0.078332	15.6664	0
503	2.5215	0.071086	14.2172	0
504	2.2732	0.064088	12.8176	0
505	2.0450	0.057654	11.5307	0
506	1.8272	0.051512	10.3024	0
507	1.6305	0.045966	9.1932	0
508	1.4359	0.040481	8.0961	0
509	1.2452	0.035105	7.0210	0
510	1.0489	0.029571	5.9141	0
511	0.8434	0.023776	4.7552	0
512	0.6533	0.018419	3.6837	0
513	0.4862	0.013706	2.7413	0
514	0.3734	0.010526	2.1052	0
515	0.3330	0.009389	1.8778	0
516	0.2925	0.008247	1.6493	0
517	0.2518	0.007099	1.4198	0
518	0.2099	0.005919	1.1837	0
519	0.1668	0.004703	0.9407	0
520	0.1306	0.003683	0.7366	0
521	0.1013	0.002856	0.5713	0
522	0.0857	0.002415	0.4829	0
523	0.0822	0.002318	0.4635	0
524	0.0791	0.002231	0.4461	0
525	0.0763	0.002151	0.4302	0
526	0.0738	0.002080	0.4160	0
527	0.0715	0.002015	0.4030	0
528	0.0643	0.001813	0.3625	0
529	0.0539	0.001519	0.3038	0
530	0.0500	0.001410	0.2819	0
531	0.0500	0.001410	0.2819	0
532	0.0500	0.001410	0.2819	0
533	0.0500	0.001410	0.2819	0
534	0.0500	0.001410	0.2819	0
535	0.0500	0.001410	0.2819	0
536	0.0500	0.001410	0.2819	0
537	0.0500	0.001410	0.2819	0
538	0.1041	0.002934	0.5867	0
539	0.1786	0.005035	1.0070	0
540	2.4599	0.069350	13.8701	0
541	5.4768	0.154404	30.8808	0
542	7.8155	0.220336	44.0671	0
543	9.9569	0.280707	56.1414	0
544	9.6281	0.271436	54.2872	0
545	8.6795	0.244694	48.9388	0
546	7.8727	0.221947	44.3894	0
547	7.0960	0.200053	40.0105	0
548	6.4389	0.181527	36.3054	0
549	5.8031	0.163601	32.7203	0
550	5.2679	0.148515	29.7029	0
551	4.7474	0.133838	26.7676	0
552	4.3116	0.121552	24.3104	0
553	3.8853	0.109536	21.9072	0
554	3.5304	0.099530	19.9061	0
555	3.1815	0.089693	17.9385	0
556	2.9190	0.082292	16.4584	0
557	2.6612	0.075025	15.0051	0
558	2.7479	0.077469	15.4939	0
559	2.8443	0.080188	16.0375	0
560	5.3947	0.152089	30.4178	0
561	7.8863	0.222331	44.4661	0
562	7.4574	0.210240	42.0481	0
563	7.0817	0.199648	39.9296	0
564	7.7903	0.219626	43.9253	0
565	8.5214	0.240237	48.0475	0
566	9.5442	0.269071	53.8141	0
567	10.4326	0.294118	58.8236	0
568	10.0588	0.283579	56.7159	0
569	9.6473	0.271978	54.3956	0
570	8.9616	0.252646	50.5293	0
571	8.2645	0.232993	46.5987	0
572	7.5004	0.211453	42.2907	0
573	6.7600	0.190578	38.1157	0
574	6.1344	0.172943	34.5886	0
575	5.5310	0.155931	31.1862	0
576	5.0188	0.141492	28.2984	0
577	4.8317	0.136215	27.2431	0
578	5.7982	0.163464	32.6928	0
579	6.6035	0.186166	37.2331	0
580	6.9104	0.194818	38.9636	0
581	7.4628	0.210393	42.0787	0
582	8.6818	0.244759	48.9517	0
583	9.3840	0.264556	52.9111	0
584	8.8451	0.249361	49.8722	0
585	8.3349	0.234979	46.9958	0
586	7.8864	0.222335	44.4670	0
587	7.3543	0.207332	41.4665	0
588	6.6621	0.187820	37.5640	0
589	6.0162	0.169610	33.9220	0
590	5.4496	0.153635	30.7269	0
591	4.9342	0.139107	27.8213	0
592	4.4982	0.126815	25.3630	0
593	4.1419	0.116770	23.3540	0
594	3.8968	0.109859	21.9717	0
595	3.6218	0.102107	20.4214	0
596	3.3093	0.093296	18.6593	0
597	3.0100	0.084858	16.9717	0
598	2.7258	0.076845	15.3690	0
599	2.4646	0.069482	13.8964	0
600	2.2273	0.062791	12.5583	0
601	1.9930	0.056186	11.2372	0
602	1.7615	0.049660	9.9321	0
603	1.5732	0.044352	8.8704	0
604	1.4215	0.040076	8.0152	0
605	1.2764	0.035985	7.1970	0
606	1.1363	0.032036	6.4071	0
607	1.0073	0.028399	5.6798	0
608	0.8860	0.024978	4.9957	0
609	0.7894	0.022255	4.4510	0
610	0.7082	0.019966	3.9933	0
611	0.6401	0.018046	3.6093	0
612	0.5794	0.016333	3.2667	0
613	0.5279	0.014884	2.9767	0
614	0.4812	0.013567	2.7134	0
615	0.4404	0.012415	2.4829	0
616	0.4021	0.011336	2.2673	0
617	0.3688	0.010398	2.0796	0
618	0.3375	0.009515	1.9030	0
619	0.2950	0.008318	1.6636	0
620	0.2486	0.007009	1.4018	0
621	0.2142	0.006038	1.2076	0
622	0.1834	0.005171	1.0342	0
623	0.1451	0.004090	0.8181	0
624	0.1047	0.002953	0.5905	0
625	0.0891	0.002513	0.5025	0
626	0.0792	0.002233	0.4466	0
627	0.0714	0.002013	0.4025	0
628	0.0640	0.001804	0.3608	0
629	0.0619	0.001746	0.3493	0
630	0.0608	0.001713	0.3426	0
631	0.0598	0.001685	0.3369	0
632	0.0588	0.001657	0.3314	0
633	0.0576	0.001623	0.3247	0
634	0.0564	0.001589	0.3178	0
635	0.0538	0.001516	0.3033	0
636	0.0511	0.001441	0.2882	0
637	0.0505	0.001424	0.2848	0
638	0.0500	0.001410	0.2820	0
639	0.0500	0.001410	0.2819	0
640	0.0500	0.001410	0.2819	0
641	0.0500	0.001410	0.2819	0
642	0.0500	0.001410	0.2819	0
643	0.0500	0.001410	0.2819	0
644	0.0500	0.001410	0.2819	0
645	0.0500	0.001410	0.2819	0
646	0.0500	0.001410	0.2819	0
647	0.0500	0.001410	0.2819	0
648	0.0500	0.001410	0.2819	0
649	0.0500	0.001410	0.2819	0
650	0.0500	0.001410	0.2819	0
651	0.0500	0.001410	0.2819	0
652	0.0500	0.001410	0.2819	0
653	0.0500	0.001410	0.2819	0
654	0.0500	0.001410	0.2819	0
655	0.0500	0.001410	0.2819	0
656	0.0500	0.001410	0.2819	0
657	0.0500	0.001410	0.2819	0
658	0.0500	0.001410	0.2819	0
659	0.0500	0.001410	0.2819	0
660	0.0500	0.001410	0.2819	0
661	0.0500	0.001410	0.2819	0
662	0.0500	0.001410	0.2819	0
663	0.0500	0.001410	0.2819	0
664	0.0500	0.001410	0.2819	0
665	0.0500	0.001410	0.2819	0
666	0.0500	0.001410	0.2819	0
667	0.0500	0.001410	0.2819	0
668	0.0500	0.001410	0.2819	0
669	0.0500	0.001410	0.2819	0
670	0.0500	0.001410	0.2819	0
671	0.0500	0.001410	0.2819	0
672	0.0500	0.001410	0.2819	0
673	0.0500	0.001410	0.2819	0
674	0.0500	0.001410	0.2819	0
675	0.0500	0.001410	0.2819	0
676	0.1562	0.004404	0.8808	0
677	0.3891	0.010971	2.1941	0
678	0.4898	0.013808	2.7616	0
679	0.4476	0.012617	2.5235	0
680	0.4092	0.011536	2.3073	0
681	0.3746	0.010562	2.1123	0
682	0.3434	0.009681	1.9362	0
683	0.3151	0.008883	1.7766	0
684	0.2896	0.008165	1.6331	0
685	0.2665	0.007512	1.5024	0
686	0.2457	0.006928	1.3855	0
687	0.2268	0.006393	1.2785	0
688	0.2099	0.005917	1.1833	0
689	0.1943	0.005479	1.0957	0
690	0.1806	0.005091	1.0181	0
691	0.1679	0.004732	0.9464	0
692	0.1566	0.004416	0.8832	0
693	0.1462	0.004123	0.8245	0
694	0.1371	0.003865	0.7730	0
695	0.1286	0.003625	0.7250	0
696	0.1211	0.003415	0.6830	0
697	0.1142	0.003218	0.6437	0
698	0.6236	0.017580	3.5161	0
699	1.3259	0.037381	7.4762	0
700	1.3995	0.039454	7.8908	0
701	1.2664	0.035703	7.1407	0
702	1.1522	0.032482	6.4963	0
703	1.0432	0.029411	5.8822	0
704	0.9502	0.026787	5.3574	0
705	0.8610	0.024273	4.8546	0
706	0.7852	0.022136	4.4272	0
707	0.7122	0.020078	4.0156	0
708	0.6504	0.018337	3.6675	0
709	0.5907	0.016652	3.3304	0
710	0.6465	0.018227	3.6454	0
711	0.7187	0.020262	4.0524	0
712	1.4843	0.041845	8.3691	0
713	2.3260	0.065574	13.1149	0
714	2.9143	0.082160	16.4320	0
715	3.4823	0.098173	19.6346	0
716	3.2085	0.090455	18.0910	0
717	2.8910	0.081503	16.3005	0
718	2.6261	0.074037	14.8073	0
719	2.3627	0.066608	13.3217	0
