# river=shasta model=basin-input/2 input=precipitation+snowmelt+humidity+fog rows=720
# water_year=2025-07-01/2026-06-30 station=USC00045983 station_name=MOUNT_SHASTA,_CA_US
# fog_baseline_mm_day=0.0500 fog_baseline_norm=0.00234763 fog_window_minutes=180-600 fog_source=https://pubs.usgs.gov/of/1975/0568/report.pdf
# units=input_mm_day norm=0..1 scaled=0..200
frame	input_mm_day	norm	scaled	high_variation
0	0.3260	0.015309	3.0617	0
1	1.6703	0.078423	15.6845	0
2	3.0061	0.141146	28.2292	0
3	4.0135	0.188445	37.6890	0
4	4.9488	0.232357	46.4713	0
5	4.4971	0.211153	42.2305	0
6	4.0516	0.190234	38.0468	0
7	3.6819	0.172873	34.5747	0
8	3.3188	0.155824	31.1649	0
9	3.0160	0.141611	28.3222	0
10	2.7201	0.127716	25.5432	0
11	2.4723	0.116079	23.2158	0
12	2.2311	0.104755	20.9510	0
13	2.0282	0.095227	19.0455	0
14	1.8316	0.085999	17.1998	0
15	1.6655	0.078198	15.6397	0
16	1.5053	0.070678	14.1355	0
17	1.3693	0.064291	12.8582	0
18	1.2387	0.058162	11.6324	0
19	1.1274	0.052933	10.5867	0
20	1.0210	0.047939	9.5878	0
21	0.9298	0.043658	8.7316	0
22	0.8431	0.039588	7.9176	0
23	0.7685	0.036083	7.2166	0
24	0.6979	0.032766	6.5533	0
25	0.6367	0.029897	5.9794	0
26	0.5792	0.027194	5.4389	0
27	0.5291	0.024845	4.9690	0
28	0.4822	0.022643	4.5286	0
29	0.4413	0.020719	4.1439	0
30	0.4031	0.018925	3.7850	0
31	0.3695	0.017350	3.4700	0
32	0.3384	0.015888	3.1776	0
33	0.3109	0.014599	2.9197	0
34	0.2856	0.013408	2.6815	0
35	0.2631	0.012352	2.4704	0
36	0.2424	0.011381	2.2763	0
37	0.2240	0.010517	2.1034	0
38	0.2072	0.009726	1.9453	0
39	0.1921	0.009019	1.8037	0
40	0.1773	0.008326	1.6652	0
41	0.1629	0.007648	1.5296	0
42	0.1402	0.006584	1.3169	0
43	0.1100	0.005164	1.0327	0
44	0.0835	0.003919	0.7837	0
45	0.0601	0.002821	0.5642	0
46	0.3202	0.015035	3.0069	0
47	0.7954	0.037344	7.4688	0
48	1.2747	0.059849	11.9699	0
49	1.7569	0.082489	16.4978	0
50	1.8337	0.086098	17.2196	0
51	1.6602	0.077950	15.5900	0
52	1.5069	0.070752	14.1504	0
53	1.3648	0.064081	12.8162	0
54	1.2399	0.058217	11.6434	0
55	1.1236	0.052755	10.5511	0
56	1.0219	0.047979	9.5958	0
57	0.9266	0.043508	8.7015	0
58	0.9440	0.044322	8.8644	0
59	1.0057	0.047222	9.4445	0
60	1.2182	0.057196	11.4392	0
61	1.4830	0.069632	13.9263	0
62	1.4397	0.067599	13.5197	0
63	1.3025	0.061158	12.2315	0
64	1.1850	0.055640	11.1281	0
65	1.0727	0.050367	10.0734	0
66	0.9770	0.045873	9.1746	0
67	0.8851	0.041556	8.3111	0
68	0.8071	0.037896	7.5792	0
69	0.7318	0.034361	6.8722	0
70	0.6683	0.031381	6.2761	0
71	0.6067	0.028486	5.6973	0
72	0.5550	0.026059	5.2118	0
73	0.5045	0.023690	4.7379	0
74	0.4624	0.021713	4.3426	0
75	0.4211	0.019773	3.9546	0
76	0.3868	0.018163	3.6327	0
77	0.3530	0.016575	3.3150	0
78	0.3251	0.015264	3.0529	0
79	0.2974	0.013964	2.7928	0
80	0.2747	0.012897	2.5793	0
81	0.2521	0.011835	2.3669	0
82	0.2335	0.010963	2.1926	0
83	0.2151	0.010097	2.0194	0
84	0.1999	0.009384	1.8767	0
85	0.1848	0.008678	1.7356	0
86	0.1724	0.008094	1.6187	0
87	0.1595	0.007489	1.4979	0
88	0.1422	0.006676	1.3353	0
89	0.2048	0.009617	1.9235	0
90	0.8973	0.042131	8.4263	0
91	1.4765	0.069324	13.8649	0
92	1.3439	0.063100	12.6199	0
93	1.2152	0.057058	11.4115	0
94	1.1067	0.051961	10.3922	0
95	1.0018	0.047037	9.4074	0
96	0.9129	0.042864	8.5729	0
97	0.8275	0.038852	7.7704	0
98	0.7547	0.035436	7.0871	0
99	0.6846	0.032142	6.4285	0
100	0.6229	0.029247	5.8494	0
101	0.5633	0.026449	5.2898	0
102	0.5096	0.023928	4.7855	0
103	0.4602	0.021608	4.3216	0
104	0.4216	0.019793	3.9586	0
105	0.5702	0.026771	5.3542	0
106	1.1348	0.053281	10.6562	0
107	1.4652	0.068797	13.7594	0
108	1.3313	0.062506	12.5011	0
109	1.2060	0.056625	11.3249	0
110	1.0963	0.051474	10.2947	0
111	0.9942	0.046682	9.3363	0
112	0.9044	0.042464	8.4928	0
113	0.8213	0.038560	7.7120	0
114	0.7477	0.035107	7.0214	0
115	0.6800	0.031926	6.3852	0
116	0.6197	0.029099	5.8198	0
117	0.5645	0.026507	5.3014	0
118	0.5153	0.024192	4.8385	0
119	0.4703	0.022081	4.4161	0
120	0.4299	0.020186	4.0372	0
121	0.3933	0.018465	3.6931	0
122	0.3602	0.016914	3.3828	0
123	0.3304	0.015512	3.1025	0
124	0.3033	0.014242	2.8484	0
125	0.3050	0.014320	2.8640	0
126	0.3294	0.015467	3.0934	0
127	0.3241	0.015219	3.0439	0
128	0.2976	0.013972	2.7943	0
129	0.2739	0.012861	2.5722	0
130	0.2522	0.011839	2.3678	0
131	0.2262	0.010620	2.1239	0
132	0.1977	0.009284	1.8569	0
133	0.1797	0.008436	1.6871	0
134	0.1670	0.007841	1.5682	0
135	0.1559	0.007320	1.4640	0
136	0.1455	0.006833	1.3667	0
137	0.5378	0.025249	5.0498	0
138	1.0976	0.051534	10.3068	0
139	1.2905	0.060592	12.1183	0
140	1.3482	0.063302	12.6605	0
141	1.5951	0.074895	14.9791	0
142	1.9033	0.089363	17.8726	0
143	1.8334	0.086085	17.2169	0
144	1.6572	0.077808	15.5615	0
145	1.5066	0.070738	14.1476	0
146	1.3623	0.063961	12.7923	0
147	1.2322	0.057856	11.5711	0
148	1.1051	0.051887	10.3775	0
149	1.0053	0.047202	9.4405	0
150	0.9102	0.042736	8.5472	0
151	0.8302	0.038981	7.7962	0
152	0.7523	0.035324	7.0649	0
153	0.6872	0.032267	6.4533	0
154	0.6235	0.029273	5.8545	0
155	0.5704	0.026783	5.3565	0
156	0.5182	0.024331	4.8663	0
157	0.4750	0.022304	4.4607	0
158	0.4323	0.020297	4.0593	0
159	0.3971	0.018646	3.7291	0
160	0.3621	0.017003	3.4007	0
161	0.3335	0.015658	3.1316	0
162	0.3050	0.014319	2.8639	0
163	0.2815	0.013218	2.6436	0
164	0.2583	0.012127	2.4254	0
165	0.2391	0.011225	2.2451	0
166	0.2201	0.010334	2.0667	0
167	0.2037	0.009562	1.9125	0
168	0.1876	0.008809	1.7618	0
169	0.1749	0.008210	1.6421	0
170	0.1624	0.007626	1.5251	0
171	0.1520	0.007136	1.4271	0
172	0.1418	0.006659	1.3318	0
173	0.1333	0.006258	1.2515	0
174	0.1250	0.005869	1.1739	0
175	0.1180	0.005541	1.1082	0
176	0.1113	0.005224	1.0449	0
177	0.1055	0.004955	0.9911	0
178	0.2262	0.010618	2.1237	0
179	0.7813	0.036682	7.3364	0
180	1.3061	0.061324	12.2647	0
181	1.7401	0.081700	16.3400	0
182	2.0421	0.095880	19.1760	0
183	1.9957	0.093703	18.7405	0
184	1.9332	0.090766	18.1533	0
185	1.8328	0.086056	17.2111	0
186	1.7140	0.080476	16.0953	0
187	1.5566	0.073087	14.6173	0
188	1.4092	0.066164	13.2329	0
189	1.2803	0.060114	12.0229	0
190	1.1602	0.054474	10.8948	0
191	1.0547	0.049520	9.9041	0
192	0.9568	0.044925	8.9849	0
193	0.8704	0.040869	8.1738	0
194	0.7907	0.037125	7.4249	0
195	0.7200	0.033804	6.7609	0
196	0.7509	0.035259	7.0518	0
197	0.9073	0.042601	8.5203	0
198	1.1543	0.054199	10.8398	0
199	1.5025	0.070546	14.1091	0
200	2.0758	0.097464	19.4927	0
201	2.8767	0.135070	27.0140	0
202	3.1059	0.145828	29.1655	0
203	2.8113	0.131998	26.3996	0
204	2.5460	0.119539	23.9078	0
205	2.3048	0.108217	21.6433	0
206	2.5199	0.118314	23.6628	0
207	3.0771	0.144476	28.8953	0
208	3.1242	0.146688	29.3377	0
209	2.8257	0.132676	26.5351	0
210	2.5609	0.120240	24.0480	0
211	2.3165	0.108768	21.7535	0
212	2.1008	0.098638	19.7275	0
213	1.9007	0.089245	17.8489	0
214	1.7250	0.080993	16.1986	0
215	1.5612	0.073303	14.6605	0
216	1.4181	0.066581	13.3163	0
217	1.2840	0.060285	12.0570	0
218	1.1674	0.054810	10.9621	0
219	1.0576	0.049655	9.9311	0
220	0.9562	0.044898	8.9796	0
221	0.8578	0.040278	8.0555	0
222	0.7735	0.036316	7.2631	0
223	0.6933	0.032551	6.5102	0
224	0.6294	0.029551	5.9102	0
225	0.5697	0.026749	5.3498	0
226	0.5197	0.024402	4.8805	0
227	0.4719	0.022157	4.4313	0
228	1.8074	0.084863	16.9727	0
229	3.3998	0.159630	31.9259	0
230	3.7791	0.177440	35.4879	0
231	3.9742	0.186598	37.3195	0
232	4.1792	0.196227	39.2453	0
233	4.3855	0.205912	41.1824	0
234	4.0360	0.189502	37.9003	0
235	3.6366	0.170747	34.1495	0
236	3.3054	0.155197	31.0393	0
237	2.9784	0.139842	27.9684	0
238	2.7056	0.127033	25.4066	0
239	2.4346	0.114311	22.8622	0
240	2.2091	0.103722	20.7444	0
241	1.9845	0.093177	18.6354	0
242	1.7924	0.084159	16.8317	0
243	1.6024	0.075236	15.0471	0
244	1.4594	0.068521	13.7043	0
245	1.3181	0.061887	12.3775	0
246	1.2010	0.056390	11.2780	0
247	1.1237	0.052759	10.5519	0
248	1.4451	0.067850	13.5699	0
249	2.0560	0.096534	19.3069	0
250	4.8867	0.229445	45.8891	0
251	7.2972	0.342621	68.5242	0
252	7.1280	0.334679	66.9359	0
253	6.9528	0.326452	65.2903	0
254	6.7467	0.316774	63.3549	0
255	6.4661	0.303598	60.7196	0
256	5.8668	0.275463	55.0927	0
257	5.2909	0.248421	49.6842	0
258	4.8003	0.225386	45.0773	0
259	4.3310	0.203349	40.6699	0
260	3.9293	0.184490	36.8980	0
261	3.5468	0.166532	33.3064	0
262	3.2180	0.151091	30.2183	0
263	2.9063	0.136458	27.2916	0
264	2.6370	0.123816	24.7632	0
265	3.1397	0.147418	29.4835	0
266	5.3352	0.250500	50.0999	0
267	7.6511	0.359239	71.8478	0
268	10.2031	0.479063	95.8127	0
269	11.4288	0.536612	107.3225	1
270	10.3234	0.484708	96.9416	1
271	9.3128	0.437259	87.4518	1
272	8.4523	0.396856	79.3713	1
273	7.6447	0.358936	71.7873	1
274	6.9125	0.324558	64.9117	1
275	7.5845	0.356113	71.2227	1
276	10.0671	0.472676	94.5352	1
277	10.9245	0.512933	102.5867	1
278	9.8859	0.464168	92.8336	1
279	9.0204	0.423529	84.7059	1
280	8.3377	0.391478	78.2955	0
281	7.6309	0.358291	71.6583	0
282	6.9010	0.324020	64.8039	0
283	6.2420	0.293076	58.6152	0
284	5.6443	0.265017	53.0033	0
285	5.1074	0.239808	47.9615	0
286	4.6182	0.216835	43.3669	0
287	4.1808	0.196298	39.2597	0
288	3.7802	0.177490	35.4979	0
289	3.4200	0.160576	32.1153	0
290	3.0856	0.144875	28.9751	0
291	2.7653	0.129838	25.9677	0
292	2.4532	0.115184	23.0367	0
293	2.2030	0.103435	20.6869	0
294	1.9847	0.093187	18.6375	0
295	1.7942	0.084243	16.8486	0
296	1.6165	0.075901	15.1802	0
297	1.4663	0.068845	13.7691	0
298	1.3273	0.062318	12.4637	0
299	1.2067	0.056659	11.3318	0
300	1.0929	0.051315	10.2631	0
301	0.9947	0.046706	9.3412	0
302	0.9016	0.042331	8.4662	0
303	0.8216	0.038577	7.7153	0
304	0.7453	0.034995	6.9989	0
305	0.6802	0.031937	6.3874	0
306	0.6177	0.029004	5.8008	0
307	0.5345	0.025098	5.0196	0
308	0.4472	0.020996	4.1992	0
309	0.3637	0.017076	3.4151	0
310	0.2808	0.013186	2.6372	0
311	0.2532	0.011886	2.3773	0
312	0.2329	0.010934	2.1868	0
313	0.2155	0.010120	2.0241	0
314	0.1985	0.009321	1.8642	0
315	0.1847	0.008674	1.7348	0
316	0.1712	0.008038	1.6077	0
317	0.1159	0.005444	1.0888	0
318	0.0588	0.002760	0.5519	0
319	0.0569	0.002673	0.5347	0
320	0.0562	0.002637	0.5275	0
321	0.0530	0.002490	0.4981	0
322	0.0500	0.002348	0.4695	0
323	0.0500	0.002348	0.4695	0
324	0.0500	0.002348	0.4695	0
325	0.0500	0.002348	0.4695	0
326	0.0500	0.002348	0.4695	0
327	0.0500	0.002348	0.4695	0
328	0.0500	0.002348	0.4695	0
329	0.0500	0.002348	0.4695	0
330	0.0500	0.002348	0.4695	0
331	0.0500	0.002348	0.4695	0
332	0.3625	0.017022	3.4043	0
333	2.3939	0.112402	22.4803	0
334	4.0056	0.188075	37.6150	0
335	3.6866	0.173097	34.6194	0
336	3.7265	0.174968	34.9935	0
337	5.1726	0.242867	48.5735	0
338	6.2668	0.294241	58.8483	0
339	6.1694	0.289668	57.9337	0
340	6.5733	0.308633	61.7266	0
341	8.4594	0.397189	79.4377	0
342	9.8508	0.462522	92.5043	1
343	9.9544	0.467383	93.4767	0
344	10.2004	0.478936	95.7872	0
345	10.7755	0.505939	101.1879	0
346	13.0043	0.602877	120.5754	0
347	18.6375	0.843798	168.7597	1
348	22.9383	1.000000	200.0000	1
349	24.7824	1.000000	200.0000	1
350	25.0403	0.999572	199.9145	1
351	22.6699	0.998436	199.6872	1
352	20.4719	0.961207	192.2413	1
353	18.5311	0.870085	174.0169	1
354	16.9861	0.797542	159.5084	1
355	15.9747	0.750052	150.0104	1
356	14.7835	0.694122	138.8245	1
357	13.3731	0.627901	125.5801	1
358	12.0842	0.567384	113.4769	0
359	10.9295	0.513167	102.6333	1
360	10.0832	0.473432	94.6864	1
361	9.5454	0.448180	89.6361	1
362	10.6207	0.498667	99.7334	1
363	13.1570	0.617755	123.5509	1
364	14.5076	0.681168	136.2336	1
365	14.8858	0.698929	139.7858	1
366	16.8887	0.791809	158.3618	1
367	20.0965	0.940400	188.0801	1
368	22.1609	1.000000	200.0000	1
369	23.4596	1.000000	200.0000	1
370	22.6757	0.979530	195.9060	1
371	20.6349	0.946706	189.3413	1
372	18.7394	0.879861	175.9723	1
373	16.9227	0.794564	158.9128	1
374	16.1530	0.758426	151.6851	1
375	15.8919	0.746164	149.2329	1
376	14.9574	0.702290	140.4580	1
377	13.7314	0.644725	128.9450	0
378	12.4876	0.586325	117.2649	0
379	11.2369	0.527603	105.5207	1
380	10.6226	0.498757	99.7514	1
381	10.2234	0.480016	96.0032	0
382	9.3899	0.440879	88.1757	0
383	8.4280	0.395717	79.1434	0
384	7.6223	0.357886	71.5771	0
385	6.8564	0.321925	64.3849	0
386	6.6768	0.313493	62.6985	0
387	6.6247	0.311045	62.2090	0
388	6.3771	0.299420	59.8840	0
389	6.0939	0.286126	57.2252	0
390	6.0539	0.284247	56.8494	0
391	6.0500	0.284061	56.8121	0
392	6.2239	0.292228	58.4456	0
393	6.4186	0.301369	60.2738	0
394	6.3986	0.300430	60.0860	0
395	6.3600	0.298618	59.7237	0
396	5.8180	0.273169	54.6338	0
397	5.2467	0.246345	49.2690	0
398	4.7685	0.223892	44.7784	0
399	4.2932	0.201575	40.3149	0
400	3.9035	0.183281	36.6562	0
401	3.5156	0.165067	33.0135	0
402	3.1909	0.149821	29.9642	0
403	2.8668	0.134604	26.9207	0
404	2.5563	0.120025	24.0050	0
405	2.2514	0.105710	21.1420	0
406	2.0227	0.094970	18.9940	0
407	1.7937	0.084221	16.8442	0
408	1.5630	0.073387	14.6774	0
409	1.3396	0.062896	12.5791	0
410	1.1706	0.054960	10.9921	0
411	1.0126	0.047543	9.5086	0
412	0.9207	0.043232	8.6463	0
413	0.8321	0.039068	7.8137	0
414	0.7591	0.035641	7.1283	0
415	0.7621	0.035781	7.1562	0
416	1.0841	0.050900	10.1800	0
417	1.3099	0.061501	12.3002	0
418	1.1885	0.055803	11.1607	0
419	1.0733	0.050393	10.0786	0
420	0.9772	0.045884	9.1768	0
421	0.8834	0.041479	8.2958	0
422	0.7957	0.037361	7.4722	0
423	0.7153	0.033584	6.7169	0
424	0.6526	0.030639	6.1278	0
425	0.5934	0.027862	5.5725	0
426	0.5421	0.025451	5.0902	0
427	0.4909	0.023049	4.6098	0
428	0.4401	0.020665	4.1329	0
429	0.3936	0.018480	3.6960	0
430	0.3545	0.016643	3.3286	0
431	0.3170	0.014884	2.9769	0
432	0.2822	0.013249	2.6498	0
433	0.2491	0.011696	2.3392	0
434	0.2185	0.010258	2.0517	0
435	0.1916	0.008997	1.7994	0
436	0.1695	0.007959	1.5919	0
437	0.1530	0.007183	1.4366	0
438	0.1429	0.006707	1.3415	0
439	0.5028	0.023607	4.7213	0
440	1.2494	0.058661	11.7323	0
441	1.5388	0.072249	14.4498	0
442	1.3954	0.065517	13.1033	0
443	1.6372	0.076872	15.3744	0
444	2.2093	0.103731	20.7461	0
445	2.5498	0.119717	23.9435	0
446	2.7106	0.127272	25.4544	0
447	2.6298	0.123477	24.6954	0
448	2.3796	0.111727	22.3455	0
449	2.1857	0.102622	20.5244	0
450	2.0274	0.095189	19.0379	0
451	2.2214	0.104303	20.8605	0
452	2.6160	0.122830	24.5660	0
453	3.7450	0.175839	35.1678	0
454	5.2488	0.246447	49.2893	0
455	5.3625	0.251781	50.3562	0
456	4.8421	0.227351	45.4702	0
457	4.3847	0.205871	41.1742	0
458	3.9527	0.185587	37.1175	0
459	3.5827	0.168219	33.6437	0
460	3.2350	0.151894	30.3787	0
461	2.9353	0.137821	27.5642	0
462	2.6507	0.124455	24.8910	0
463	3.2850	0.154237	30.8475	0
464	4.1699	0.195787	39.1574	0
465	4.0604	0.190647	38.1294	0
466	3.7183	0.174586	34.9172	0
467	3.7989	0.178370	35.6740	0
468	3.9630	0.186071	37.2142	0
469	5.0656	0.237842	47.5685	0
470	6.3212	0.296795	59.3589	0
471	7.2443	0.340141	68.0281	0
472	8.1242	0.381451	76.2901	0
473	7.5235	0.353247	70.6495	0
474	6.7752	0.318114	63.6228	0
475	6.1536	0.288929	57.7858	0
476	5.5410	0.260164	52.0328	0
477	5.0348	0.236398	47.2796	0
478	4.5332	0.212847	42.5695	0
479	4.3960	0.206402	41.2804	0
480	4.2626	0.200140	40.0280	0
481	3.8644	0.181444	36.2887	0
482	3.4689	0.162876	32.5752	0
483	3.1542	0.148100	29.6200	0
484	2.8584	0.134207	26.8414	0
485	2.8699	0.134747	26.9494	0
486	2.8585	0.134215	26.8431	0
487	2.5931	0.121751	24.3501	0
488	2.3334	0.109557	21.9114	0
489	2.1217	0.099621	19.9242	0
490	1.9151	0.089918	17.9836	0
491	1.7411	0.081750	16.3500	0
492	1.5709	0.073756	14.7512	0
493	1.4206	0.066700	13.3399	0
494	1.2720	0.059725	11.9449	0
495	1.1313	0.053116	10.6232	0
496	1.0012	0.047008	9.4016	0
497	0.9122	0.042831	8.5662	0
498	0.8270	0.038828	7.7656	0
499	0.7541	0.035408	7.0816	0
500	0.6846	0.032146	6.4292	0
501	0.6250	0.029346	5.8692	0
502	0.5684	0.026688	5.3376	0
503	0.5196	0.024395	4.8790	0
504	0.4683	0.021989	4.3978	0
505	0.4116	0.019325	3.8650	0
506	0.3635	0.017068	3.4135	0
507	0.3330	0.015637	3.1275	0
508	0.3022	0.014188	2.8376	0
509	0.2706	0.012704	2.5409	0
510	0.2348	0.011023	2.2047	0
511	0.1921	0.009019	1.8038	0
512	0.1534	0.007204	1.4407	0
513	0.1207	0.005667	1.1334	0
514	0.1000	0.004693	0.9386	0
515	0.0952	0.004469	0.8938	0
516	0.0908	0.004263	0.8527	0
517	0.0869	0.004080	0.8160	0
518	0.0833	0.003912	0.7825	0
519	0.0801	0.003762	0.7524	0
520	0.0751	0.003527	0.7053	0
521	0.0683	0.003207	0.6414	0
522	0.0644	0.003022	0.6043	0
523	0.0630	0.002957	0.5913	0
524	0.0617	0.002898	0.5796	0
525	0.0606	0.002845	0.5690	0
526	0.0572	0.002684	0.5367	0
527	0.0520	0.002443	0.4887	0
528	0.0500	0.002348	0.4695	0
529	0.0500	0.002348	0.4695	0
530	0.0500	0.002348	0.4695	0
531	0.0500	0.002348	0.4695	0
532	0.0500	0.002348	0.4695	0
533	0.0500	0.002348	0.4695	0
534	0.0500	0.002348	0.4695	0
535	0.0500	0.002348	0.4695	0
536	0.0500	0.002348	0.4695	0
537	0.0500	0.002348	0.4695	0
538	0.0500	0.002348	0.4695	0
539	0.0500	0.002348	0.4695	0
540	0.1563	0.007337	1.4674	0
541	0.2980	0.013990	2.7980	0
542	0.4543	0.021332	4.2665	0
543	0.6150	0.028875	5.7750	0
544	0.6034	0.028331	5.6662	0
545	0.5486	0.025758	5.1515	0
546	0.5020	0.023569	4.7137	0
547	0.4571	0.021462	4.2924	0
548	0.4191	0.019679	3.9359	0
549	0.3824	0.017954	3.5909	0
550	0.3515	0.016503	3.3005	0
551	0.3214	0.015090	3.0181	0
552	0.2962	0.013908	2.7816	0
553	0.2716	0.012752	2.5504	0
554	0.2511	0.011789	2.3579	0
555	0.2309	0.010843	2.1685	0
556	0.2849	0.013375	2.6751	0
557	0.3429	0.016100	3.2200	0
558	0.9162	0.043019	8.6037	0
559	1.5041	0.070621	14.1241	0
560	2.4317	0.114172	22.8345	0
561	3.3913	0.159229	31.8458	0
562	5.7353	0.269287	53.8574	0
563	7.9590	0.373695	74.7391	0
564	7.7268	0.362793	72.5585	0
565	7.4656	0.350528	70.1057	0
566	6.8275	0.320567	64.1134	0
567	6.1960	0.290917	58.1835	0
568	5.6270	0.264200	52.8400	0
569	5.0907	0.239020	47.8039	0
570	4.7925	0.225019	45.0038	0
571	4.4777	0.210241	42.0483	0
572	4.0659	0.190905	38.1810	0
573	3.6668	0.172165	34.4331	0
574	3.3296	0.156334	31.2668	0
575	3.0044	0.141062	28.2124	0
576	2.7283	0.128100	25.6201	0
577	2.4632	0.115655	23.1310	0
578	2.2372	0.105043	21.0086	0
579	2.5246	0.118538	23.7077	0
580	4.3986	0.206524	41.3048	0
581	5.8171	0.273125	54.6251	0
582	5.9993	0.281684	56.3369	0
583	5.9633	0.279990	55.9981	0
584	5.4027	0.253670	50.7340	0
585	4.8754	0.228912	45.7824	0
586	4.4192	0.207494	41.4988	0
587	3.9915	0.187409	37.4819	0
588	3.6180	0.169874	33.9748	0
589	3.2694	0.153508	30.7017	0
590	2.9637	0.139151	27.8303	0
591	2.8187	0.132347	26.4695	0
592	2.9224	0.137216	27.4431	0
593	2.8704	0.134774	26.9548	0
594	2.6013	0.122137	24.4274	0
595	2.3537	0.110513	22.1027	0
596	2.1334	0.100167	20.0334	0
597	1.9311	0.090672	18.1345	0
598	1.7496	0.082149	16.4298	0
599	1.5803	0.074198	14.8397	0
600	1.4236	0.066840	13.3679	0
601	1.2780	0.060007	12.0015	0
602	1.1430	0.053668	10.7335	0
603	1.0084	0.047346	9.4693	0
604	0.8741	0.041041	8.2082	0
605	0.9300	0.043666	8.7332	0
606	1.1318	0.053141	10.6283	0
607	1.1949	0.056104	11.2208	0
608	1.1619	0.054554	10.9107	0
609	1.0871	0.051043	10.2086	0
610	0.9862	0.046307	9.2613	0
611	0.8955	0.042044	8.4089	0
612	0.8104	0.038049	7.6097	0
613	0.7372	0.034613	6.9226	0
614	0.6700	0.031460	6.2919	0
615	0.6113	0.028700	5.7401	0
616	0.5563	0.026119	5.2237	0
617	0.5084	0.023871	4.7742	0
618	0.4634	0.021757	4.3515	0
619	0.4244	0.019927	3.9854	0
620	0.3875	0.018196	3.6393	0
621	0.3322	0.015598	3.1196	0
622	0.2712	0.012731	2.5463	0
623	0.2348	0.011024	2.2048	0
624	0.2050	0.009627	1.9255	0
625	0.1883	0.008843	1.7685	0
626	0.1746	0.008199	1.6397	0
627	0.1630	0.007652	1.5305	0
628	0.1517	0.007125	1.4250	0
629	0.1423	0.006680	1.3360	0
630	0.1331	0.006248	1.2497	0
631	0.1254	0.005886	1.1772	0
632	0.1178	0.005532	1.1065	0
633	0.1067	0.005010	1.0020	0
634	0.0952	0.004471	0.8943	0
635	0.0907	0.004258	0.8515	0
636	0.0866	0.004066	0.8132	0
637	0.0832	0.003908	0.7815	0
638	0.0799	0.003751	0.7501	0
639	0.0771	0.003622	0.7243	0
640	0.0744	0.003493	0.6987	0
641	0.0722	0.003388	0.6776	0
642	0.0699	0.003284	0.6567	0
643	0.0681	0.003197	0.6395	0
644	0.0663	0.003112	0.6224	0
645	0.0648	0.003042	0.6083	0
646	0.0629	0.002955	0.5911	0
647	0.0575	0.002701	0.5402	0
648	0.0525	0.002467	0.4934	0
649	0.0512	0.002403	0.4806	0
650	0.1679	0.007883	1.5766	0
651	1.0437	0.049002	9.8004	0
652	2.0455	0.096043	19.2087	0
653	3.7129	0.174328	34.8656	0
654	5.4806	0.257327	51.4655	0
655	7.6935	0.361228	72.2457	0
656	9.3227	0.437724	87.5448	0
657	8.7401	0.410369	82.0738	0
658	8.1169	0.381107	76.2215	1
659	7.3604	0.345588	69.1175	1
660	6.6393	0.311731	62.3462	1
661	6.0199	0.282650	56.5300	1
662	5.4323	0.255060	51.0121	1
663	4.9252	0.231251	46.2502	0
664	4.4464	0.208769	41.7539	0
665	4.0312	0.189276	37.8552	0
666	3.6411	0.170957	34.1914	0
667	3.3011	0.154997	30.9994	0
668	2.9832	0.140070	28.0140	0
669	2.7049	0.127003	25.4006	0
670	2.4459	0.114841	22.9682	0
671	2.2180	0.104142	20.8285	0
672	2.0070	0.094233	18.8465	0
673	1.8204	0.085474	17.0947	0
674	1.6485	0.077399	15.4799	0
675	1.4957	0.070228	14.0456	0
676	1.3896	0.065246	13.0491	0
677	1.3391	0.062874	12.5747	0
678	1.2571	0.059026	11.8052	0
679	1.1413	0.053585	10.7169	0
680	1.0360	0.048642	9.7284	0
681	0.9411	0.044187	8.8374	0
682	0.8553	0.040160	8.0320	0
683	0.7776	0.036513	7.3025	0
684	0.7078	0.033232	6.6464	0
685	0.6442	0.030246	6.0491	0
686	0.5873	0.027573	5.5146	0
687	0.5352	0.025128	5.0256	0
688	0.4888	0.022951	4.5902	0
689	0.4462	0.020949	4.1898	0
690	0.4084	0.019176	3.8351	0
691	0.3735	0.017537	3.5074	0
692	0.3341	0.015689	3.1378	0
693	0.2924	0.013731	2.7461	0
694	0.2462	0.011559	2.3118	0
695	0.1978	0.009286	1.8573	0
696	0.1466	0.006884	1.3768	0
697	0.0943	0.004426	0.8853	0
698	0.3531	0.016578	3.3155	0
699	0.7281	0.034186	6.8373	0
700	0.7676	0.036040	7.2080	0
701	0.6968	0.032719	6.5437	0
702	0.6361	0.029865	5.9731	0
703	0.5782	0.027146	5.4292	0
704	0.5287	0.024822	4.9644	0
705	0.4812	0.022596	4.5192	0
706	0.4409	0.020703	4.1406	0
707	0.4021	0.018880	3.7761	0
708	0.3693	0.017339	3.4678	0
709	0.3375	0.015847	3.1693	0
710	0.3516	0.016508	3.3016	0
711	0.3722	0.017473	3.4947	0
712	0.3474	0.016310	3.2620	0
713	0.3176	0.014913	2.9827	0
714	0.2929	0.013751	2.7502	0
715	0.2685	0.012607	2.5215	0
716	0.2484	0.011661	2.3321	0
717	0.2284	0.010724	2.1449	0
718	0.2109	0.009902	1.9805	0
719	0.1935	0.009083	1.8167	0
