# dataset=Water Council measured river temperatures consolidated and resampled to 720 values
# period=2025-07-01 through 2026-06-30T11:50:00; half-open 365-day installation loop
# timestamps=720 evenly spaced half-open bins at 730 model minutes per row; Pacific local calendar time
# output_units=degrees Celsius (deg C) for every temperature column
# cottonwood=excluded at user request because no continuous 2025-2026 measured temperature record was found
# method=calendar-day means from measured observations; missing daily means linearly interpolated; completed inclusive source series linearly reinterpolated onto 720 half-open installation frames
# quality_control=CDEC rows flagged N or outside -2 to 40 deg C were excluded; sub-daily dates required at least half of expected observations before daily averaging
# feather_headwater_mean=arithmetic mean of CDEC TM1 and TM2 after daily averaging and interpolation
# shasta_keswick_source=CDEC station KWK; Sacramento River at Keswick, 0.8 miles below Keswick Dam; water temperature
# shasta_keswick_native_units=DEG F; converted to deg C before output
# shasta_keswick_station_url=https://cdec.water.ca.gov/dynamicapp/staMeta?station_id=KWK
# shasta_keswick_data_url=https://cdec.water.ca.gov/dynamicapp/req/CSVDataServlet?Stations=KWK&SensorNums=25&dur_code=H&Start=2025-07-01&End=2026-07-02
# shasta_keswick_source_observations=8757
# shasta_keswick_observed_days=366
# shasta_keswick_missing_source_days=0
# shasta_keswick_source_flags={'N': 1}
# mccloud_source=CDEC station MSS; McCloud River above Shasta Lake; water temperature
# mccloud_native_units=DEG F; converted to deg C before output
# mccloud_station_url=https://cdec.water.ca.gov/dynamicapp/staMeta?station_id=MSS
# mccloud_data_url=https://cdec.water.ca.gov/dynamicapp/req/CSVDataServlet?Stations=MSS&SensorNums=25&dur_code=H&Start=2025-07-01&End=2026-07-02
# mccloud_source_observations=8754
# mccloud_observed_days=366
# mccloud_missing_source_days=0
# mccloud_source_flags={}
# pit_source=CDEC station PMN; Pit River near Montgomery Creek; water temperature
# pit_native_units=DEG F; converted to deg C before output
# pit_station_url=https://cdec.water.ca.gov/dynamicapp/staMeta?station_id=PMN
# pit_data_url=https://cdec.water.ca.gov/dynamicapp/req/CSVDataServlet?Stations=PMN&SensorNums=25&dur_code=H&Start=2025-07-01&End=2026-07-02
# pit_source_observations=8676
# pit_observed_days=363
# pit_missing_source_days=3
# pit_source_flags={'N': 78}
# mill_source=USGS station 11381500; Mill Creek near Los Molinos; water temperature
# mill_native_units=deg C; no unit conversion
# mill_station_url=https://waterdata.usgs.gov/monitoring-location/USGS-11381500/
# mill_data_url=https://waterservices.usgs.gov/nwis/dv/?format=json&sites=11381500&parameterCd=00010&startDT=2025-07-01&endDT=2026-07-01&siteStatus=all
# mill_source_observations=366
# mill_observed_days=366
# mill_missing_source_days=0
# mill_source_flags={'A': 155, 'P': 211}
# feather_tm1_source=CDEC station TM1; Thompson Meadow Site 1, East Branch North Fork Feather headwaters; water temperature
# feather_tm1_native_units=DEG F; converted to deg C before output
# feather_tm1_station_url=https://cdec.water.ca.gov/dynamicapp/staMeta?station_id=TM1
# feather_tm1_data_url=https://cdec.water.ca.gov/dynamicapp/req/CSVDataServlet?Stations=TM1&SensorNums=25&dur_code=H&Start=2025-07-01&End=2026-07-02
# feather_tm1_source_observations=8034
# feather_tm1_observed_days=349
# feather_tm1_missing_source_days=17
# feather_tm1_source_flags={}
# feather_tm2_source=CDEC station TM2; Thompson Meadow Site 2, East Branch North Fork Feather headwaters; water temperature
# feather_tm2_native_units=DEG F; converted to deg C before output
# feather_tm2_station_url=https://cdec.water.ca.gov/dynamicapp/staMeta?station_id=TM2
# feather_tm2_data_url=https://cdec.water.ca.gov/dynamicapp/req/CSVDataServlet?Stations=TM2&SensorNums=25&dur_code=H&Start=2025-07-01&End=2026-07-02
# feather_tm2_source_observations=8696
# feather_tm2_observed_days=364
# feather_tm2_missing_source_days=2
# feather_tm2_source_flags={}
# feather_release_source=CDEC station FTA; Feather River below Thermalito Afterbay; water temperature
# feather_release_native_units=DEG F; converted to deg C before output
# feather_release_station_url=https://cdec.water.ca.gov/dynamicapp/staMeta?station_id=FTA
# feather_release_data_url=https://cdec.water.ca.gov/dynamicapp/req/CSVDataServlet?Stations=FTA&SensorNums=25&dur_code=E&Start=2025-07-01&End=2026-07-02
# feather_release_source_observations=34885
# feather_release_observed_days=366
# feather_release_missing_source_days=0
# feather_release_source_flags={}
# american_source=USGS station 11446500; American River at Fair Oaks; water temperature
# american_native_units=deg C; no unit conversion
# american_station_url=https://waterdata.usgs.gov/monitoring-location/USGS-11446500/
# american_data_url=https://waterservices.usgs.gov/nwis/iv/?format=json&sites=11446500&parameterCd=00010&startDT=2025-07-01&endDT=2026-07-01&siteStatus=all
# american_source_observations=35074
# american_observed_days=366
# american_missing_source_days=0
# american_source_flags={'A': 14828, 'P': 20246}
# delta_freeport_source=USGS station 11447650; Sacramento River at Freeport, Right Bank Pump Stand; water temperature
# delta_freeport_native_units=deg C; no unit conversion
# delta_freeport_station_url=https://waterdata.usgs.gov/monitoring-location/USGS-11447650/
# delta_freeport_data_url=https://waterservices.usgs.gov/nwis/iv/?format=json&sites=11447650&parameterCd=00010&startDT=2025-07-01&endDT=2026-07-01&siteStatus=all
# delta_freeport_source_observations=35136
# delta_freeport_observed_days=366
# delta_freeport_missing_source_days=0
# delta_freeport_source_flags={'A': 15804, 'P': 19332}
# note=USGS values carrying qualifier P are provisional and subject to revision
frame,timestamp_pacific,shasta_keswick_release_temp_c,mccloud_above_shasta_lake_temp_c,pit_near_montgomery_creek_temp_c,mill_creek_temp_c,feather_headwater_tm1_temp_c,feather_headwater_tm2_temp_c,feather_headwater_mean_temp_c,feather_below_thermalito_temp_c,american_fair_oaks_temp_c,delta_freeport_temp_c
0,2025-07-01T00:00:00,10.350,16.843,18.606,22.400,15.264,13.090,14.177,19.652,16.795,22.488
1,2025-07-01T12:10:00,10.382,16.905,18.676,22.298,15.330,12.990,14.160,19.848,16.767,22.378
2,2025-07-02T00:20:00,10.413,16.969,18.743,22.200,15.391,12.891,14.141,20.026,16.737,22.264
3,2025-07-02T12:30:00,10.351,17.081,18.741,22.200,15.325,12.803,14.064,19.623,16.645,21.993
4,2025-07-03T00:40:00,10.290,17.175,18.741,22.169,15.236,12.684,13.961,19.222,16.557,21.723
5,2025-07-03T12:50:00,10.229,16.983,18.782,21.666,14.810,12.082,13.447,18.904,16.513,21.461
6,2025-07-04T01:00:00,10.179,16.782,18.825,21.154,14.378,11.489,12.933,18.556,16.485,21.198
7,2025-07-04T13:10:00,10.237,16.501,18.885,20.596,13.908,11.001,12.454,17.913,16.609,20.930
8,2025-07-05T01:20:00,10.287,16.243,18.938,20.105,13.487,10.598,12.043,17.333,16.737,20.689
9,2025-07-05T13:30:00,10.280,16.160,18.935,20.100,13.434,10.812,12.123,17.241,16.887,20.646
10,2025-07-06T01:40:00,10.271,16.128,18.926,20.168,13.477,11.074,12.276,17.184,17.026,20.605
11,2025-07-06T13:50:00,10.256,16.377,18.895,20.619,14.041,11.569,12.806,17.290,17.100,20.555
12,2025-07-07T02:00:00,10.247,16.596,18.862,21.011,14.532,11.974,13.254,17.387,17.168,20.495
13,2025-07-07T14:10:00,10.269,16.667,18.812,21.118,14.653,11.954,13.304,17.433,17.210,20.389
14,2025-07-08T02:20:00,10.296,16.688,18.778,21.156,14.709,11.850,13.280,17.550,17.271,20.295
15,2025-07-08T14:30:00,10.342,16.526,18.807,20.958,14.546,11.451,12.999,17.939,17.397,20.251
16,2025-07-09T02:40:00,10.372,16.420,18.835,20.851,14.407,11.205,12.806,18.253,17.527,20.247
17,2025-07-09T14:50:00,10.357,16.498,18.856,21.047,14.351,11.457,12.904,18.316,17.660,20.370
18,2025-07-10T03:00:00,10.347,16.621,18.876,21.331,14.389,11.773,13.082,18.360,17.800,20.536
19,2025-07-10T15:10:00,10.355,16.853,18.899,21.832,14.677,12.235,13.456,18.372,17.954,20.811
20,2025-07-11T03:20:00,10.371,17.085,18.956,22.353,15.009,12.712,13.861,18.272,17.862,21.076
21,2025-07-11T15:30:00,10.404,17.308,19.093,22.911,15.427,13.220,14.323,17.917,17.189,21.313
22,2025-07-12T03:40:00,10.448,17.532,19.174,23.354,15.849,13.680,14.765,17.615,16.593,21.444
23,2025-07-12T15:50:00,10.509,17.756,19.134,23.564,16.279,14.039,15.159,17.439,16.184,21.358
24,2025-07-13T04:00:00,10.558,17.919,19.080,23.749,16.667,14.339,15.504,17.402,15.924,21.254
25,2025-07-13T16:10:00,10.585,17.975,19.002,23.902,16.983,14.540,15.761,17.612,15.921,21.131
26,2025-07-14T04:20:00,10.604,17.984,18.923,23.863,17.043,14.319,15.681,17.707,15.951,21.013
27,2025-07-14T16:30:00,10.612,17.923,18.843,23.518,16.702,13.435,15.069,17.603,16.018,20.904
28,2025-07-15T04:40:00,10.619,17.831,18.781,23.205,16.391,12.849,14.620,17.611,16.130,20.789
29,2025-07-15T16:50:00,10.627,17.697,18.745,22.949,16.141,12.720,14.430,17.788,16.299,20.664
30,2025-07-16T05:00:00,10.644,17.536,18.705,22.718,15.944,12.565,14.254,18.036,16.366,20.562
31,2025-07-16T17:10:00,10.674,17.340,18.657,22.514,15.812,12.360,14.085,18.365,16.303,20.492
32,2025-07-17T05:20:00,10.710,17.182,18.714,22.358,15.695,12.126,13.911,18.562,16.317,20.457
33,2025-07-17T17:30:00,10.757,17.069,18.890,22.255,15.594,11.863,13.728,18.605,16.425,20.460
34,2025-07-18T05:40:00,10.787,17.023,18.991,22.202,15.503,11.769,13.636,18.550,16.516,20.523
35,2025-07-18T17:50:00,10.798,17.044,19.015,22.200,15.424,11.844,13.634,18.401,16.587,20.643
36,2025-07-19T06:00:00,10.812,17.097,19.080,22.227,15.330,11.818,13.574,18.188,16.652,20.735
37,2025-07-19T18:10:00,10.831,17.178,19.185,22.275,15.223,11.694,13.458,17.921,16.713,20.803
38,2025-07-20T06:20:00,10.848,17.235,19.293,22.051,15.001,11.763,13.382,17.611,16.755,20.784
39,2025-07-20T18:30:00,10.863,17.271,19.404,21.607,14.686,11.990,13.338,17.270,16.780,20.700
40,2025-07-21T06:40:00,10.888,17.189,19.493,21.236,14.450,12.015,13.233,17.190,16.755,20.601
41,2025-07-21T18:50:00,10.917,17.024,19.568,20.929,14.272,11.891,13.081,17.299,16.696,20.493
42,2025-07-22T07:00:00,10.935,16.731,19.652,20.807,14.311,11.759,13.034,17.506,16.715,20.355
43,2025-07-22T19:10:00,10.944,16.359,19.742,20.800,14.486,11.628,13.057,17.768,16.783,20.199
44,2025-07-23T07:20:00,10.953,16.331,19.737,20.832,14.584,11.926,13.255,17.798,16.896,20.089
45,2025-07-23T19:30:00,10.963,16.501,19.676,20.881,14.635,12.470,13.552,17.693,17.033,20.006
46,2025-07-24T07:40:00,11.012,16.789,19.678,20.965,14.437,12.534,13.485,17.755,17.111,20.038
47,2025-07-24T19:50:00,11.079,17.133,19.713,21.065,14.114,12.347,13.230,17.907,17.158,20.127
48,2025-07-25T08:00:00,11.126,17.308,19.749,21.064,13.969,12.156,13.063,17.916,16.860,20.212
49,2025-07-25T20:10:00,11.164,17.406,19.785,21.016,13.909,11.971,12.940,17.857,16.406,20.294
50,2025-07-26T08:20:00,11.194,17.339,19.821,21.179,13.977,11.997,12.987,17.854,15.977,20.309
51,2025-07-26T20:30:00,11.221,17.209,19.857,21.427,14.093,12.108,13.101,17.874,15.561,20.297
52,2025-07-27T08:40:00,11.279,17.142,19.894,21.681,14.206,12.226,13.216,17.935,15.509,20.298
53,2025-07-27T20:50:00,11.348,17.097,19.930,21.934,14.316,12.346,13.331,18.012,15.585,20.304
54,2025-07-28T09:00:00,11.273,17.111,19.857,22.149,14.429,12.460,13.445,18.037,15.743,20.381
55,2025-07-28T21:10:00,11.153,17.142,19.750,22.352,14.541,12.571,13.556,18.045,15.924,20.479
56,2025-07-29T09:20:00,11.125,17.123,19.734,22.318,14.948,13.028,13.988,17.989,16.469,20.564
57,2025-07-29T21:30:00,11.121,17.088,19.743,22.221,15.434,13.578,14.506,17.916,17.112,20.643
58,2025-07-30T09:40:00,11.170,16.957,19.733,22.119,15.574,13.369,14.472,18.087,16.937,20.763
59,2025-07-30T21:50:00,11.230,16.806,19.718,22.018,15.633,12.984,14.309,18.313,16.572,20.891
60,2025-07-31T10:00:00,11.266,16.905,19.749,22.211,15.574,12.573,14.074,18.390,16.558,20.952
61,2025-07-31T22:10:00,11.298,17.053,19.790,22.461,15.492,12.159,13.826,18.435,16.616,21.000
62,2025-08-01T10:20:00,11.165,17.020,19.811,22.499,15.147,11.859,13.502,18.388,16.718,21.053
63,2025-08-01T22:30:00,11.004,16.957,19.829,22.500,14.759,11.577,13.167,18.325,16.826,21.108
64,2025-08-02T10:40:00,10.961,16.952,19.733,22.411,14.488,11.496,12.992,18.199,16.948,21.150
65,2025-08-02T22:50:00,10.933,16.956,19.622,22.310,14.233,11.443,12.838,18.064,17.072,21.192
66,2025-08-03T11:00:00,10.958,16.932,19.608,22.071,14.020,11.239,12.630,17.898,17.166,21.168
67,2025-08-03T23:10:00,10.988,16.902,19.605,21.819,13.812,11.019,12.416,17.732,17.258,21.136
68,2025-08-04T11:20:00,11.005,16.679,19.619,21.611,13.644,10.778,12.211,17.722,17.378,21.093
69,2025-08-04T23:30:00,11.020,16.445,19.641,21.413,13.485,10.557,12.021,17.736,17.503,21.050
70,2025-08-05T11:40:00,11.049,16.382,19.741,21.303,13.428,10.709,12.068,17.906,17.654,21.036
71,2025-08-05T23:50:00,11.079,16.340,19.843,21.201,13.396,10.915,12.155,18.081,17.806,21.030
72,2025-08-06T12:00:00,11.113,16.337,19.866,21.100,13.528,11.278,12.403,18.134,17.929,21.084
73,2025-08-07T00:10:00,11.130,16.340,19.874,21.046,13.707,11.659,12.682,18.185,18.053,21.147
74,2025-08-07T12:20:00,11.025,16.360,19.843,21.360,14.118,12.048,13.083,18.324,18.214,21.229
75,2025-08-08T00:30:00,10.913,16.369,19.799,21.708,14.505,12.424,13.465,18.433,18.328,21.321
76,2025-08-08T12:40:00,10.837,16.313,19.706,22.017,14.588,12.717,13.652,18.304,18.135,21.465
77,2025-08-09T00:50:00,10.779,16.274,19.613,22.297,14.633,12.975,13.804,18.162,17.889,21.602
78,2025-08-09T13:00:00,10.797,16.360,19.537,22.463,14.667,13.108,13.888,18.085,17.545,21.679
79,2025-08-10T01:10:00,10.816,16.484,19.472,22.633,14.768,13.225,13.997,17.992,17.257,21.724
80,2025-08-10T13:20:00,10.801,16.697,19.442,22.878,15.139,13.335,14.237,17.793,17.231,21.677
81,2025-08-11T01:30:00,10.804,16.908,19.413,23.121,15.550,13.489,14.519,17.587,17.260,21.611
82,2025-08-11T13:40:00,10.879,17.076,19.375,23.328,15.985,13.793,14.889,17.401,17.367,21.523
83,2025-08-12T01:50:00,10.950,17.208,19.366,23.471,16.325,13.987,15.157,17.247,17.476,21.435
84,2025-08-12T14:00:00,10.980,17.255,19.447,23.442,16.382,13.813,15.098,17.181,17.568,21.351
85,2025-08-13T02:10:00,11.002,17.249,19.517,23.378,16.242,13.404,14.823,17.265,17.624,21.267
86,2025-08-13T14:20:00,11.021,17.137,19.531,23.280,15.701,12.523,14.112,17.700,17.599,21.180
87,2025-08-14T02:30:00,11.050,16.962,19.543,23.135,15.203,11.926,13.564,18.026,17.677,21.141
88,2025-08-14T14:40:00,11.106,16.680,19.567,22.894,14.912,12.083,13.497,18.016,18.002,21.207
89,2025-08-15T02:50:00,11.093,16.447,19.588,22.657,14.748,12.324,13.536,17.977,18.251,21.319
90,2025-08-15T15:00:00,10.942,16.332,19.601,22.450,14.775,12.542,13.659,17.961,18.287,21.492
91,2025-08-16T03:10:00,10.790,16.278,19.590,22.350,14.842,12.766,13.804,17.966,18.335,21.684
92,2025-08-16T15:20:00,10.666,16.303,19.536,22.428,14.933,13.004,13.969,17.999,18.452,21.889
93,2025-08-17T03:30:00,10.614,16.267,19.488,22.289,14.977,13.114,14.046,18.037,18.514,22.002
94,2025-08-17T15:40:00,10.669,16.125,19.459,21.782,14.945,13.020,13.983,18.075,18.478,21.970
95,2025-08-18T03:50:00,10.683,15.827,19.463,21.244,14.830,12.739,13.784,18.183,18.286,21.870
96,2025-08-18T16:00:00,10.624,15.332,19.513,20.734,14.615,12.235,13.425,18.388,17.900,21.707
97,2025-08-19T04:10:00,10.586,15.017,19.541,20.477,14.166,11.525,12.845,18.514,17.643,21.610
98,2025-08-19T16:20:00,10.586,14.963,19.534,20.536,13.443,10.594,12.018,18.526,17.577,21.608
99,2025-08-20T04:30:00,10.600,15.110,19.502,20.704,13.311,10.181,11.746,18.507,17.566,21.681
100,2025-08-20T16:40:00,10.623,15.445,19.445,20.947,13.890,10.386,12.138,18.470,17.586,21.828
101,2025-08-21T04:50:00,10.639,15.671,19.379,21.224,14.395,10.760,12.578,18.427,17.555,21.982
102,2025-08-21T17:00:00,10.648,15.760,19.306,21.525,14.726,11.223,12.974,18.380,17.467,22.133
103,2025-08-22T05:10:00,10.631,15.734,19.257,21.805,15.087,11.844,13.465,18.277,17.444,22.242
104,2025-08-22T17:20:00,10.591,15.618,19.229,22.061,15.498,12.601,14.050,18.123,17.490,22.314
105,2025-08-23T05:30:00,10.577,15.646,19.213,22.288,15.826,13.306,14.566,17.974,17.622,22.316
106,2025-08-23T17:40:00,10.588,15.804,19.205,22.494,16.077,13.951,15.013,17.833,17.817,22.263
107,2025-08-24T05:50:00,10.704,16.082,19.195,22.724,15.855,14.092,14.973,17.896,17.933,22.217
108,2025-08-24T18:00:00,10.899,16.437,19.180,22.975,15.279,13.852,14.566,18.116,17.983,22.182
109,2025-08-25T06:10:00,10.925,16.555,19.181,23.059,14.994,13.591,14.292,18.082,17.992,22.147
110,2025-08-25T18:20:00,10.827,16.500,19.193,23.024,14.945,13.351,14.148,17.859,17.981,22.111
111,2025-08-26T06:30:00,10.795,16.489,19.190,22.914,14.931,13.278,14.104,17.648,17.928,22.027
112,2025-08-26T18:40:00,10.817,16.520,19.175,22.767,14.920,13.309,14.114,17.462,17.851,21.913
113,2025-08-27T06:50:00,10.888,16.394,19.167,22.553,14.867,12.824,13.846,17.545,17.784,21.829
114,2025-08-27T19:00:00,10.986,16.172,19.163,22.304,14.792,12.033,13.412,17.781,17.724,21.765
115,2025-08-28T07:10:00,10.981,15.829,19.150,21.923,14.736,11.728,13.232,17.607,17.683,21.647
116,2025-08-28T19:20:00,10.920,15.428,19.130,21.475,14.693,11.698,13.195,17.205,17.650,21.498
117,2025-08-29T07:30:00,10.933,15.226,19.113,21.218,14.555,11.500,13.028,16.913,17.493,21.497
118,2025-08-29T19:40:00,10.986,15.123,19.096,21.054,14.373,11.206,12.789,16.686,17.276,21.567
119,2025-08-30T07:50:00,11.009,15.029,19.091,20.971,14.405,11.264,12.834,16.191,17.063,21.699
120,2025-08-30T20:00:00,11.017,14.934,19.092,20.916,14.531,11.479,13.005,15.575,16.855,21.853
121,2025-08-31T08:10:00,11.025,14.862,19.065,20.866,14.552,11.505,13.029,15.166,16.819,21.846
122,2025-08-31T20:20:00,11.036,14.799,19.028,20.815,14.525,11.450,12.988,14.844,16.849,21.773
123,2025-09-01T08:30:00,11.066,14.727,18.951,20.765,14.448,11.469,12.958,14.772,16.838,21.659
124,2025-09-01T20:40:00,11.103,14.650,18.859,20.714,14.353,11.518,12.936,14.785,16.810,21.531
125,2025-09-02T08:50:00,11.107,14.814,18.838,20.776,14.619,12.135,13.377,14.853,16.376,21.291
126,2025-09-02T21:00:00,11.099,15.055,18.839,20.875,15.003,12.934,13.968,14.935,15.813,21.016
127,2025-09-03T09:10:00,11.118,15.236,18.824,21.132,15.116,12.784,13.950,15.098,15.996,20.847
128,2025-09-03T21:20:00,11.144,15.397,18.803,21.433,15.149,12.357,13.753,15.283,16.398,20.710
129,2025-09-04T09:30:00,11.151,15.342,18.742,21.298,15.007,11.994,13.501,15.289,16.727,20.574
130,2025-09-04T21:40:00,11.153,15.231,18.669,21.049,14.821,11.653,13.237,15.247,17.034,20.438
131,2025-09-05T09:50:00,10.996,15.080,18.643,20.877,14.586,11.370,12.978,15.245,17.224,20.410
132,2025-09-05T22:00:00,10.805,14.920,18.628,20.718,14.335,11.096,12.715,15.253,17.390,20.407
133,2025-09-06T10:10:00,10.719,14.680,18.624,20.234,13.890,10.627,12.259,15.323,17.710,20.383
134,2025-09-06T22:20:00,10.657,14.420,18.622,19.684,13.406,10.123,11.764,15.409,18.049,20.357
135,2025-09-07T10:30:00,10.603,14.138,18.614,19.294,13.033,9.778,11.405,15.504,18.079,20.349
136,2025-09-07T22:40:00,10.538,13.884,18.605,18.971,12.720,9.557,11.139,15.600,18.035,20.345
137,2025-09-08T10:50:00,10.330,14.016,18.615,19.035,12.799,10.379,11.589,15.680,17.960,20.349
138,2025-09-08T23:00:00,10.124,14.202,18.622,19.169,12.921,11.279,12.100,15.764,17.879,20.347
139,2025-09-09T11:10:00,10.210,14.097,18.554,19.154,12.650,10.843,11.746,15.912,17.820,20.281
140,2025-09-09T23:20:00,10.353,13.917,18.468,19.011,12.267,10.138,11.202,16.099,17.781,20.203
141,2025-09-10T11:30:00,10.423,13.683,18.380,18.285,11.750,9.685,10.717,16.446,17.837,20.147
142,2025-09-10T23:40:00,10.497,13.503,18.299,17.604,11.290,9.411,10.350,16.806,17.893,20.115
143,2025-09-11T11:50:00,10.673,13.660,18.254,17.843,11.287,9.766,10.526,17.043,17.844,20.179
144,2025-09-12T00:00:00,10.840,13.884,18.210,18.292,11.385,10.076,10.730,17.170,17.790,20.267
145,2025-09-12T12:10:00,10.868,14.056,18.136,18.705,11.465,9.567,10.515,16.948,17.813,20.363
146,2025-09-13T00:20:00,10.880,14.206,18.056,19.074,11.524,9.023,10.273,16.685,17.859,20.456
147,2025-09-13T12:30:00,10.952,14.324,17.988,19.309,11.525,9.049,10.288,16.571,17.924,20.532
148,2025-09-14T00:40:00,11.035,14.370,17.934,19.449,11.526,9.119,10.323,16.533,18.001,20.598
149,2025-09-14T12:50:00,11.103,14.217,17.918,19.393,11.568,8.907,10.238,16.623,18.103,20.641
150,2025-09-15T01:00:00,11.115,14.022,17.897,19.303,11.617,8.710,10.163,16.668,18.185,20.659
151,2025-09-15T13:10:00,10.988,13.836,17.836,19.245,11.659,8.737,10.197,16.509,18.197,20.619
152,2025-09-16T01:20:00,10.855,13.675,17.774,19.195,11.699,8.857,10.278,16.336,18.184,20.601
153,2025-09-16T13:30:00,10.790,13.563,17.730,19.144,11.739,9.072,10.405,16.248,18.155,20.664
154,2025-09-17T01:40:00,10.759,13.472,17.692,19.079,11.773,9.330,10.551,16.213,18.092,20.759
155,2025-09-17T13:50:00,10.765,13.400,17.656,18.985,11.795,9.628,10.711,16.244,17.965,20.881
156,2025-09-18T02:00:00,10.736,13.426,17.605,18.899,11.989,10.175,11.082,16.228,17.844,20.926
157,2025-09-18T14:10:00,10.622,13.625,17.527,18.841,12.518,11.177,11.847,16.091,17.767,20.813
158,2025-09-19T02:20:00,10.542,13.890,17.448,18.871,13.005,11.912,12.459,16.037,17.712,20.648
159,2025-09-19T14:30:00,10.556,14.199,17.379,19.042,13.285,12.007,12.647,16.175,17.676,20.459
160,2025-09-20T02:40:00,10.608,14.418,17.324,19.297,13.283,11.759,12.521,16.293,17.638,20.303
161,2025-09-20T14:50:00,10.685,14.484,17.286,19.633,12.920,11.210,12.065,16.309,17.590,20.208
162,2025-09-21T03:00:00,10.775,14.429,17.267,19.821,12.598,10.761,11.679,16.298,17.584,20.188
163,2025-09-21T15:10:00,10.872,14.254,17.269,19.774,12.449,10.548,11.499,16.283,17.642,20.255
164,2025-09-22T03:20:00,10.925,14.017,17.278,19.614,12.256,10.145,11.201,16.148,17.728,20.332
165,2025-09-22T15:30:00,10.919,13.737,17.290,19.377,11.952,9.428,10.690,15.863,17.832,20.394
166,2025-09-23T03:40:00,10.873,13.492,17.282,19.165,11.613,8.821,10.217,15.551,17.842,20.359
167,2025-09-23T15:50:00,10.798,13.298,17.250,19.002,11.262,8.428,9.845,15.248,17.738,20.210
168,2025-09-24T04:00:00,10.807,13.202,17.223,18.872,11.026,8.465,9.745,15.161,17.672,19.993
169,2025-09-24T16:10:00,10.913,13.198,17.206,18.765,10.918,8.912,9.915,15.306,17.675,19.728
170,2025-09-25T04:20:00,10.990,13.200,17.196,18.641,10.846,9.114,9.980,15.458,17.676,19.503
171,2025-09-25T16:30:00,11.018,13.188,17.190,18.494,10.783,8.979,9.882,15.568,17.660,19.327
172,2025-09-26T04:40:00,10.953,13.088,17.171,18.389,10.708,8.733,9.721,15.495,17.661,19.245
173,2025-09-26T16:50:00,10.812,12.911,17.140,18.330,10.619,8.451,9.535,15.261,17.682,19.239
174,2025-09-27T05:00:00,10.771,12.781,17.063,18.279,10.616,8.827,9.721,14.945,17.677,19.199
175,2025-09-27T17:10:00,10.829,12.706,16.949,18.228,10.688,9.768,10.228,14.586,17.648,19.117
176,2025-09-28T05:20:00,10.871,12.751,16.854,17.995,10.775,10.611,10.693,14.340,17.632,18.942
177,2025-09-28T17:30:00,10.887,12.883,16.779,17.617,10.863,11.287,11.075,14.189,17.628,18.701
178,2025-09-29T05:40:00,10.849,12.808,16.730,17.238,10.949,11.358,11.154,13.973,17.655,18.424
179,2025-09-29T17:50:00,10.778,12.569,16.697,16.880,11.037,11.012,11.025,13.696,17.702,18.129
180,2025-09-30T06:00:00,10.708,12.367,16.649,16.525,11.038,10.741,10.889,13.453,17.865,17.910
181,2025-09-30T18:10:00,10.642,12.212,16.588,16.170,10.979,10.572,10.776,13.240,18.104,17.745
182,2025-10-01T06:20:00,10.651,12.174,16.517,15.962,10.649,10.278,10.463,13.155,18.227,17.601
183,2025-10-01T18:30:00,10.706,12.204,16.440,15.846,10.153,9.895,10.024,13.147,18.269,17.465
184,2025-10-02T06:40:00,10.777,12.328,16.323,15.744,9.749,9.490,9.620,13.149,18.199,17.226
185,2025-10-02T18:50:00,10.854,12.500,16.184,15.643,9.415,9.080,9.248,13.151,18.070,16.926
186,2025-10-03T07:00:00,10.892,12.376,16.079,15.510,9.305,8.820,9.062,13.241,17.907,16.745
187,2025-10-03T19:10:00,10.908,12.087,15.995,15.360,9.310,8.642,8.976,13.381,17.730,16.631
188,2025-10-04T07:20:00,10.917,11.786,15.909,15.273,8.996,8.094,8.545,13.532,17.547,16.617
189,2025-10-04T19:30:00,10.923,11.490,15.820,15.218,8.512,7.350,7.931,13.685,17.363,16.651
190,2025-10-05T07:40:00,10.920,11.269,15.751,15.201,8.133,6.933,7.532,13.827,17.197,16.690
191,2025-10-05T19:50:00,10.911,11.082,15.690,15.200,7.812,6.681,7.246,13.962,17.040,16.729
192,2025-10-06T08:00:00,10.876,10.968,15.633,15.303,7.674,6.805,7.240,14.030,16.967,16.769
193,2025-10-06T20:10:00,10.831,10.885,15.578,15.452,7.614,7.090,7.353,14.069,16.930,16.809
194,2025-10-07T08:20:00,10.853,10.841,15.499,15.569,7.726,7.484,7.605,14.075,16.870,16.880
195,2025-10-07T20:30:00,10.902,10.813,15.410,15.671,7.906,7.919,7.912,14.068,16.798,16.963
196,2025-10-08T08:40:00,10.965,11.023,15.262,15.699,8.051,8.470,8.261,14.021,16.919,17.026
197,2025-10-08T20:50:00,11.031,11.321,15.091,15.699,8.180,9.058,8.619,13.958,17.112,17.080
198,2025-10-09T09:00:00,11.050,11.410,14.944,15.588,8.177,9.062,8.619,13.871,17.141,17.088
199,2025-10-09T21:10:00,11.049,11.409,14.809,15.427,8.120,8.856,8.488,13.783,17.107,17.078
200,2025-10-10T09:20:00,11.009,11.131,14.747,15.089,7.983,8.866,8.424,13.832,17.058,17.019
201,2025-10-10T21:30:00,10.949,10.742,14.711,14.662,7.793,8.909,8.350,13.923,16.999,16.944
202,2025-10-11T09:40:00,10.837,10.257,14.651,13.956,7.307,8.351,7.829,13.883,16.901,16.887
203,2025-10-11T21:50:00,10.712,9.763,14.578,13.179,6.745,7.652,7.198,13.788,16.792,16.834
204,2025-10-12T10:00:00,10.656,9.508,14.473,12.709,6.490,7.735,7.113,13.631,16.710,16.756
205,2025-10-12T22:10:00,10.627,9.373,14.357,12.398,6.362,7.889,7.126,13.454,16.633,16.650
206,2025-10-13T10:20:00,10.597,9.452,14.248,12.386,6.305,6.519,6.412,13.297,16.518,16.419
207,2025-10-13T22:30:00,10.584,9.616,14.142,12.481,6.297,4.547,5.422,13.159,16.403,16.141
208,2025-10-14T10:40:00,10.664,9.815,14.037,12.544,6.401,2.410,4.405,13.081,16.370,15.868
209,2025-10-14T22:50:00,10.753,9.999,13.936,12.560,6.525,0.515,3.520,13.047,16.358,15.604
210,2025-10-15T11:00:00,10.721,10.061,13.858,12.416,6.552,0.000,3.276,13.104,16.307,15.376
211,2025-10-15T23:10:00,10.656,10.063,13.786,12.270,6.475,0.000,3.237,13.194,16.254,15.198
212,2025-10-16T11:20:00,10.647,10.010,13.711,12.342,6.144,0.000,3.072,13.274,16.248,15.161
213,2025-10-16T23:30:00,10.652,9.942,13.629,12.531,5.799,0.000,2.899,13.374,16.268,15.203
214,2025-10-17T11:40:00,10.642,9.885,13.527,12.840,5.718,0.000,2.859,13.551,16.316,15.330
215,2025-10-17T23:50:00,10.632,9.863,13.424,13.175,5.808,0.000,2.904,13.729,16.364,15.485
216,2025-10-18T12:00:00,10.643,9.936,13.338,13.450,6.114,0.000,3.057,13.827,16.385,15.634
217,2025-10-19T00:10:00,10.677,10.006,13.264,13.625,6.333,0.000,3.166,13.919,16.401,15.784
218,2025-10-19T12:20:00,10.756,9.977,13.207,13.597,6.118,0.000,3.058,14.074,16.428,15.944
219,2025-10-20T00:30:00,10.825,9.843,13.151,13.508,5.801,0.000,2.900,14.221,16.464,16.089
220,2025-10-20T12:40:00,10.832,9.545,13.087,13.447,5.613,0.000,2.807,14.294,16.515,16.194
221,2025-10-21T00:50:00,10.818,9.286,13.011,13.410,5.460,0.000,2.730,14.288,16.543,16.268
222,2025-10-21T13:00:00,10.804,9.234,12.917,13.400,5.287,0.000,2.644,14.167,16.513,16.305
223,2025-10-22T01:10:00,10.776,9.294,12.833,13.357,5.217,0.000,2.608,14.060,16.459,16.310
224,2025-10-22T13:20:00,10.720,9.430,12.780,13.233,5.355,0.000,2.677,14.053,16.401,16.275
225,2025-10-23T01:30:00,10.678,9.509,12.728,13.112,5.470,0.000,2.735,14.071,16.312,16.226
226,2025-10-23T13:40:00,10.678,9.444,12.660,13.043,5.418,0.000,2.709,14.075,16.172,16.174
227,2025-10-24T01:50:00,10.667,9.474,12.582,13.057,5.422,0.000,2.710,14.067,16.007,16.122
228,2025-10-24T14:00:00,10.617,9.735,12.494,13.175,5.603,0.000,2.802,14.047,15.828,16.073
229,2025-10-25T02:10:00,10.556,9.899,12.426,13.155,5.864,0.000,2.933,13.988,15.690,15.975
230,2025-10-25T14:20:00,10.498,9.806,12.387,12.882,6.157,0.000,3.079,13.874,15.619,15.803
231,2025-10-26T02:30:00,10.464,9.503,12.346,12.491,6.368,0.000,3.184,13.821,15.581,15.645
232,2025-10-26T14:40:00,10.462,9.027,12.290,12.050,6.452,0.000,3.226,13.876,15.562,15.536
233,2025-10-27T02:50:00,10.499,8.635,12.218,11.785,6.265,0.000,3.133,13.936,15.528,15.480
234,2025-10-27T15:00:00,10.575,8.418,12.132,11.762,5.784,0.000,2.893,13.960,15.471,15.471
235,2025-10-28T03:10:00,10.649,8.412,12.051,11.933,5.364,0.000,2.682,14.007,15.391,15.467
236,2025-10-28T15:20:00,10.707,8.595,11.981,12.247,5.120,0.000,2.560,14.095,15.293,15.451
237,2025-10-29T03:30:00,10.772,8.818,11.914,12.497,4.949,0.000,2.475,14.150,15.179,15.424
238,2025-10-29T15:40:00,10.849,9.026,11.848,12.631,4.806,0.000,2.403,14.156,15.054,15.389
239,2025-10-30T03:50:00,10.888,9.155,11.790,12.710,4.687,0.000,2.344,14.150,14.888,15.393
240,2025-10-30T16:00:00,10.885,9.208,11.740,12.767,4.585,0.000,2.293,14.145,14.683,15.443
241,2025-10-31T04:10:00,10.876,9.188,11.697,12.726,4.491,0.000,2.246,14.093,14.544,15.498
242,2025-10-31T16:20:00,10.868,9.116,11.661,12.596,4.400,0.000,2.200,13.996,14.482,15.546
243,2025-11-01T04:30:00,10.896,9.086,11.645,12.515,4.361,0.000,2.181,13.894,14.426,15.597
244,2025-11-01T16:40:00,10.957,9.106,11.647,12.500,4.372,0.000,2.186,13.798,14.358,15.655
245,2025-11-02T04:50:00,11.016,9.154,11.645,12.500,4.478,0.000,2.238,13.676,14.311,15.705
246,2025-11-02T17:00:00,11.068,9.215,11.636,12.500,4.658,0.000,2.329,13.533,14.284,15.748
247,2025-11-03T05:10:00,11.134,9.379,11.650,12.551,5.078,0.000,2.539,13.463,14.262,15.755
248,2025-11-03T17:20:00,11.211,9.625,11.685,12.644,5.684,0.000,2.841,13.458,14.241,15.733
249,2025-11-04T05:30:00,11.222,10.051,11.713,12.825,5.850,0.000,2.925,13.391,14.201,15.635
250,2025-11-04T17:40:00,11.180,10.606,11.733,13.068,5.646,0.000,2.824,13.266,14.147,15.480
251,2025-11-05T05:50:00,11.182,10.869,11.712,12.966,5.646,0.000,2.823,13.220,14.195,15.335
252,2025-11-05T18:00:00,11.224,10.900,11.661,12.600,5.844,0.000,2.922,13.239,14.322,15.205
253,2025-11-06T06:10:00,11.270,10.867,11.617,12.505,6.153,0.000,3.076,13.358,14.400,15.180
254,2025-11-06T18:20:00,11.315,10.811,11.581,12.629,6.519,0.000,3.260,13.541,14.436,15.228
255,2025-11-07T06:30:00,11.365,10.546,11.554,12.549,6.272,0.000,3.136,13.607,14.481,15.300
256,2025-11-07T18:40:00,11.417,10.140,11.532,12.311,5.607,0.000,2.803,13.591,14.536,15.382
257,2025-11-08T06:50:00,11.461,9.871,11.500,12.207,5.120,0.000,2.559,13.592,14.529,15.440
258,2025-11-08T19:00:00,11.502,9.700,11.461,12.200,4.774,0.000,2.387,13.608,14.482,15.481
259,2025-11-09T07:10:00,11.537,9.635,11.464,12.292,4.576,0.000,2.288,13.596,14.568,15.501
260,2025-11-09T19:20:00,11.569,9.630,11.493,12.442,4.461,0.000,2.231,13.567,14.737,15.509
261,2025-11-10T07:30:00,11.617,9.609,11.495,12.499,4.381,0.000,2.191,13.457,14.853,15.557
262,2025-11-10T19:40:00,11.675,9.577,11.480,12.499,4.322,0.000,2.161,13.299,14.935,15.627
263,2025-11-11T07:50:00,11.645,9.542,11.438,12.435,4.451,0.000,2.225,13.103,14.987,15.667
264,2025-11-11T20:00:00,11.565,9.514,11.382,12.342,4.701,0.000,2.350,12.894,15.023,15.686
265,2025-11-12T08:10:00,11.521,9.723,11.321,12.471,5.329,0.000,2.665,12.835,15.055,15.636
266,2025-11-12T20:20:00,11.504,10.065,11.260,12.691,6.130,0.000,3.065,12.869,15.082,15.550
267,2025-11-13T08:30:00,11.576,10.404,11.228,12.446,6.340,0.000,3.170,12.999,15.067,15.487
268,2025-11-13T20:40:00,11.694,10.693,11.213,11.955,6.222,0.000,3.111,13.175,15.031,15.431
269,2025-11-14T08:50:00,11.782,10.513,11.205,11.616,6.169,0.000,3.084,13.266,15.027,15.316
270,2025-11-14T21:00:00,11.840,10.110,11.199,11.420,6.175,0.000,3.087,13.293,15.029,15.169
271,2025-11-15T09:10:00,11.817,10.003,11.169,11.644,6.363,0.000,3.181,13.204,14.953,15.042
272,2025-11-15T21:20:00,11.763,10.078,11.128,12.035,6.557,0.000,3.279,13.048,14.826,14.921
273,2025-11-16T09:30:00,11.793,10.261,11.107,12.042,6.208,0.000,3.104,12.878,14.657,14.776
274,2025-11-16T21:40:00,11.857,10.431,11.093,11.785,5.550,0.000,2.775,12.721,14.469,14.616
275,2025-11-17T09:50:00,11.868,10.243,11.067,11.267,4.839,0.000,2.420,12.653,14.302,14.449
276,2025-11-17T22:00:00,11.852,9.917,11.033,10.718,4.153,0.000,2.076,12.625,14.166,14.291
277,2025-11-18T10:10:00,11.842,9.823,10.986,10.627,3.692,0.000,1.846,12.559,14.115,14.182
278,2025-11-18T22:20:00,11.852,9.836,10.934,10.741,3.426,0.000,1.713,12.488,14.109,14.076
279,2025-11-19T10:30:00,11.919,9.785,10.883,10.713,3.439,0.000,1.719,12.473,14.097,13.890
280,2025-11-19T22:40:00,12.007,9.608,10.837,10.559,3.589,0.000,1.795,12.468,14.081,13.662
281,2025-11-20T10:50:00,12.069,9.136,10.802,10.239,3.716,0.000,1.858,12.404,14.065,13.437
282,2025-11-20T23:00:00,12.097,8.585,10.773,9.862,3.738,0.000,1.869,12.308,14.041,13.235
283,2025-11-21T11:10:00,12.063,8.244,10.750,9.567,3.491,0.000,1.745,12.201,13.995,13.092
284,2025-11-21T23:20:00,11.983,8.040,10.714,9.356,3.110,0.000,1.555,12.093,13.951,12.991
285,2025-11-22T11:30:00,11.867,7.917,10.638,9.252,2.729,0.000,1.365,11.998,13.937,12.920
286,2025-11-22T23:40:00,11.760,7.854,10.537,9.179,2.348,0.000,1.174,11.916,13.944,12.846
287,2025-11-23T11:50:00,11.714,7.836,10.426,9.052,1.966,0.000,0.983,11.854,13.961,12.730
288,2025-11-24T00:00:00,11.694,7.806,10.317,8.875,1.591,0.389,0.990,11.786,14.001,12.616
289,2025-11-24T12:10:00,11.664,7.705,10.223,8.647,1.230,1.619,1.425,11.689,14.081,12.551
290,2025-11-25T00:20:00,11.628,7.544,10.137,8.367,0.932,2.853,1.892,11.584,14.140,12.492
291,2025-11-25T12:30:00,11.590,7.328,10.052,8.035,0.743,3.318,2.030,11.494,14.125,12.395
292,2025-11-26T00:40:00,11.539,7.099,9.969,7.806,0.646,3.456,2.051,11.405,14.059,12.274
293,2025-11-26T12:50:00,11.466,6.893,9.888,7.807,0.629,3.630,2.130,11.307,13.964,12.138
294,2025-11-27T01:00:00,11.389,6.766,9.805,7.938,0.637,3.828,2.233,11.195,13.865,12.006
295,2025-11-27T13:10:00,11.318,6.760,9.714,8.120,0.629,4.043,2.336,11.066,13.783,11.888
296,2025-11-28T01:20:00,11.253,6.753,9.616,8.182,0.614,4.049,2.332,10.930,13.695,11.762
297,2025-11-28T13:30:00,11.195,6.665,9.511,8.019,0.599,3.707,2.153,10.790,13.586,11.609
298,2025-11-29T01:40:00,11.169,6.609,9.407,7.847,0.584,3.482,2.033,10.661,13.461,11.433
299,2025-11-29T13:50:00,11.193,6.651,9.307,7.800,0.569,3.646,2.108,10.555,13.324,11.239
300,2025-11-30T02:00:00,11.235,6.675,9.218,7.783,0.554,3.706,2.130,10.494,13.211,11.053
301,2025-11-30T14:10:00,11.280,6.619,9.144,7.741,0.539,3.405,1.972,10.485,13.138,10.886
302,2025-12-01T02:20:00,11.304,6.536,9.080,7.708,0.524,3.280,1.902,10.494,13.063,10.736
303,2025-12-01T14:30:00,11.298,6.453,9.022,7.700,0.509,3.570,2.040,10.499,12.965,10.598
304,2025-12-02T02:40:00,11.272,6.377,8.969,7.681,0.494,3.717,2.106,10.465,12.882,10.514
305,2025-12-02T14:50:00,11.233,6.310,8.918,7.638,0.479,3.497,1.989,10.382,12.831,10.495
306,2025-12-03T03:00:00,11.205,6.240,8.852,7.529,0.465,3.165,1.815,10.277,12.761,10.479
307,2025-12-03T15:10:00,11.194,6.164,8.768,7.348,0.450,2.839,1.644,10.166,12.657,10.446
308,2025-12-04T03:20:00,11.185,6.180,8.666,7.226,0.435,2.873,1.654,10.060,12.548,10.365
309,2025-12-04T15:30:00,11.172,6.307,8.548,7.200,0.420,3.324,1.872,9.964,12.447,10.235
310,2025-12-05T03:40:00,11.169,6.555,8.427,7.327,0.405,3.678,2.042,9.893,12.366,10.118
311,2025-12-05T15:50:00,11.178,6.906,8.305,7.596,0.390,3.798,2.095,9.846,12.302,10.028
312,2025-12-06T04:00:00,11.187,7.037,8.222,7.856,0.375,3.742,2.059,9.812,12.246,9.936
313,2025-12-06T16:10:00,11.192,6.908,8.178,8.070,0.361,3.560,1.960,9.784,12.193,9.832
314,2025-12-07T04:20:00,11.231,6.794,8.147,8.137,0.346,3.422,1.884,9.769,12.137,9.744
315,2025-12-07T16:30:00,11.306,6.758,8.122,8.063,0.331,3.361,1.846,9.767,12.079,9.676
316,2025-12-08T04:40:00,11.350,6.741,8.099,7.984,0.307,3.423,1.866,9.757,12.035,9.632
317,2025-12-08T16:50:00,11.355,6.726,8.079,7.930,0.275,3.593,1.934,9.739,12.007,9.607
318,2025-12-09T05:00:00,11.331,6.737,8.061,7.928,0.259,3.697,1.978,9.738,11.990,9.591
319,2025-12-09T17:10:00,11.285,6.772,8.044,7.971,0.260,3.720,1.990,9.755,11.982,9.580
320,2025-12-10T05:20:00,11.265,6.745,8.028,7.997,0.251,3.564,1.907,9.757,11.957,9.578
321,2025-12-10T17:30:00,11.272,6.657,8.011,8.000,0.231,3.251,1.741,9.746,11.917,9.585
322,2025-12-11T05:40:00,11.243,6.535,7.998,7.923,0.216,2.908,1.562,9.726,11.870,9.603
323,2025-12-11T17:50:00,11.178,6.389,7.987,7.777,0.208,2.554,1.381,9.699,11.819,9.628
324,2025-12-12T06:00:00,11.318,6.255,7.961,7.651,0.206,2.400,1.303,9.664,11.766,9.629
325,2025-12-12T18:10:00,11.639,6.133,7.922,7.549,0.209,2.420,1.314,9.621,11.710,9.607
326,2025-12-13T06:20:00,11.948,6.005,7.881,7.447,0.208,2.485,1.346,9.576,11.657,9.563
327,2025-12-13T18:30:00,12.237,5.874,7.839,7.346,0.202,2.580,1.391,9.528,11.606,9.503
328,2025-12-14T06:40:00,12.421,5.948,7.790,7.356,0.194,2.780,1.487,9.491,11.562,9.439
329,2025-12-14T18:50:00,12.518,6.200,7.735,7.465,0.185,3.073,1.629,9.463,11.525,9.374
330,2025-12-15T07:00:00,12.584,6.710,7.660,7.821,0.178,3.544,1.861,9.471,11.523,9.344
331,2025-12-15T19:10:00,12.624,7.420,7.570,8.394,0.181,4.138,2.159,9.510,11.552,9.346
332,2025-12-16T07:20:00,12.649,7.931,7.510,9.211,0.303,4.413,2.358,9.614,11.595,9.404
333,2025-12-16T19:30:00,12.661,8.259,7.474,10.189,0.513,4.421,2.467,9.771,11.653,9.512
334,2025-12-17T07:40:00,12.662,8.366,7.461,10.792,0.633,4.338,2.486,9.939,11.738,9.663
335,2025-12-17T19:50:00,12.653,8.320,7.468,11.059,0.699,4.209,2.454,10.112,11.840,9.851
336,2025-12-18T08:00:00,12.627,8.461,7.490,11.034,0.903,4.272,2.588,10.261,11.917,10.069
337,2025-12-18T20:10:00,12.591,8.751,7.537,10.805,1.232,4.479,2.855,10.394,11.969,10.315
338,2025-12-19T08:20:00,12.582,9.066,7.667,10.735,1.671,4.653,3.162,10.540,11.989,10.585
339,2025-12-19T20:30:00,12.589,9.415,7.856,10.810,2.274,4.793,3.533,10.700,11.990,10.883
340,2025-12-20T08:40:00,12.569,9.854,8.022,11.017,3.299,4.882,4.091,10.887,12.007,11.232
341,2025-12-20T20:50:00,12.528,10.312,8.209,11.281,4.520,4.934,4.727,11.097,12.052,11.609
342,2025-12-21T09:00:00,12.472,10.545,8.574,11.362,5.199,4.981,5.090,11.321,12.158,11.937
343,2025-12-21T21:10:00,12.403,10.590,9.027,11.312,5.390,4.993,5.192,11.527,12.292,12.197
344,2025-12-22T09:20:00,12.325,10.531,9.307,11.261,5.202,4.880,5.041,11.612,12.356,12.318
345,2025-12-22T21:30:00,12.242,10.446,9.453,11.203,4.707,4.553,4.630,11.622,12.356,12.368
346,2025-12-23T09:40:00,12.162,10.527,9.556,11.120,4.067,3.781,3.923,11.670,12.299,12.515
347,2025-12-23T21:50:00,12.090,10.630,9.595,10.962,3.233,2.672,2.953,11.728,12.186,12.701
348,2025-12-24T10:00:00,12.042,10.435,9.519,10.625,2.103,1.465,1.784,11.739,12.018,12.801
349,2025-12-24T22:10:00,12.003,10.074,9.369,10.151,0.955,0.412,0.683,11.687,11.841,12.811
350,2025-12-25T10:20:00,11.942,9.805,9.220,9.626,0.328,0.000,0.164,11.543,11.747,12.721
351,2025-12-25T22:30:00,11.869,9.565,9.079,9.164,0.109,0.000,0.055,11.364,11.700,12.543
352,2025-12-26T10:40:00,11.791,9.242,8.954,8.956,0.084,0.000,0.043,11.248,11.639,12.301
353,2025-12-26T22:50:00,11.701,8.896,8.834,8.803,0.146,0.000,0.074,11.156,11.547,12.017
354,2025-12-27T11:00:00,11.586,8.615,8.706,8.396,0.124,0.000,0.062,11.025,11.406,11.734
355,2025-12-27T23:10:00,11.472,8.362,8.555,7.904,0.065,0.000,0.032,10.862,11.228,11.448
356,2025-12-28T11:20:00,11.397,8.081,8.366,7.564,0.037,0.000,0.018,10.678,11.037,11.159
357,2025-12-28T23:30:00,11.374,7.835,8.150,7.392,0.030,0.000,0.015,10.485,10.853,10.872
358,2025-12-29T11:40:00,11.417,7.695,7.924,7.397,0.028,0.000,0.014,10.297,10.702,10.592
359,2025-12-29T23:50:00,11.455,7.654,7.708,7.573,0.029,0.000,0.015,10.145,10.596,10.332
360,2025-12-30T12:00:00,11.409,7.695,7.524,7.900,0.033,0.000,0.016,10.057,10.550,10.103
361,2025-12-31T00:10:00,11.329,7.872,7.371,8.371,0.137,0.000,0.068,10.031,10.536,9.933
362,2025-12-31T12:20:00,11.266,8.235,7.246,8.968,0.433,0.000,0.216,10.054,10.526,9.846
363,2026-01-01T00:30:00,11.227,8.667,7.173,9.504,0.809,0.000,0.405,10.117,10.518,9.852
364,2026-01-01T12:40:00,11.219,9.061,7.171,9.811,1.159,0.000,0.580,10.207,10.512,9.953
365,2026-01-02T00:50:00,11.224,9.349,7.219,9.942,1.311,0.000,0.656,10.261,10.487,10.141
366,2026-01-02T13:00:00,11.228,9.481,7.299,9.946,1.140,0.000,0.570,10.229,10.426,10.404
367,2026-01-03T01:10:00,11.226,9.650,7.400,9.835,0.871,0.000,0.435,10.156,10.354,10.672
368,2026-01-03T13:20:00,11.215,9.993,7.514,9.622,0.671,0.000,0.335,10.077,10.294,10.896
369,2026-01-04T01:30:00,11.188,10.055,7.595,9.384,0.679,0.000,0.340,9.987,10.354,11.043
370,2026-01-04T13:40:00,11.145,9.547,7.613,9.172,0.978,0.000,0.489,9.880,10.602,11.096
371,2026-01-05T01:50:00,11.113,9.109,7.607,9.100,1.308,0.000,0.654,9.865,10.815,11.112
372,2026-01-05T14:00:00,11.109,9.111,7.599,9.233,1.516,0.000,0.758,10.002,10.868,11.127
373,2026-01-06T02:10:00,11.117,9.275,7.575,9.385,1.817,0.000,0.909,10.194,10.865,11.152
374,2026-01-06T14:20:00,11.128,9.457,7.526,9.460,2.323,0.000,1.162,10.389,10.862,11.194
375,2026-01-07T02:30:00,11.091,9.389,7.523,9.192,2.272,0.000,1.136,10.502,10.805,11.218
376,2026-01-07T14:40:00,10.982,8.947,7.596,8.461,1.314,0.000,0.657,10.493,10.670,11.211
377,2026-01-08T02:50:00,10.947,8.388,7.652,7.672,0.478,0.000,0.239,10.404,10.598,11.102
378,2026-01-08T15:00:00,11.047,7.810,7.651,6.987,0.173,0.000,0.086,10.250,10.648,10.860
379,2026-01-09T03:10:00,11.166,7.445,7.548,6.650,0.065,0.000,0.032,10.114,10.688,10.627
380,2026-01-09T15:20:00,11.264,7.379,7.322,6.756,0.046,0.000,0.023,10.023,10.674,10.452
381,2026-01-10T03:30:00,11.303,7.350,7.091,6.939,0.046,0.000,0.023,9.968,10.648,10.307
382,2026-01-10T15:40:00,11.266,7.285,6.892,7.096,0.046,0.000,0.023,9.947,10.622,10.188
383,2026-01-11T03:50:00,11.222,7.247,6.738,7.228,0.046,0.000,0.023,9.927,10.573,10.079
384,2026-01-11T16:00:00,11.185,7.255,6.636,7.333,0.047,0.000,0.024,9.901,10.493,9.979
385,2026-01-12T04:10:00,11.173,7.279,6.593,7.476,0.048,0.000,0.024,9.918,10.435,9.910
386,2026-01-12T16:20:00,11.189,7.316,6.617,7.672,0.050,0.000,0.025,9.991,10.410,9.881
387,2026-01-13T04:30:00,11.214,7.373,6.625,7.832,0.051,0.000,0.025,10.062,10.385,9.880
388,2026-01-13T16:40:00,11.245,7.453,6.603,7.939,0.051,0.000,0.025,10.122,10.353,9.908
389,2026-01-14T04:50:00,11.268,7.528,6.589,8.128,0.051,0.000,0.025,10.183,10.320,9.956
390,2026-01-14T17:00:00,11.282,7.594,6.588,8.425,0.051,0.000,0.025,10.244,10.284,10.024
391,2026-01-15T05:10:00,11.292,7.594,6.585,8.595,0.051,0.000,0.025,10.290,10.259,10.101
392,2026-01-15T17:20:00,11.299,7.515,6.579,8.600,0.051,0.000,0.025,10.315,10.247,10.189
393,2026-01-16T05:30:00,11.253,7.414,6.573,8.531,0.051,0.000,0.025,10.360,10.220,10.283
394,2026-01-16T17:40:00,11.142,7.290,6.566,8.380,0.051,0.000,0.025,10.428,10.178,10.383
395,2026-01-17T05:50:00,11.059,7.204,6.558,8.251,0.052,0.000,0.026,10.494,10.127,10.478
396,2026-01-17T18:00:00,11.008,7.161,6.550,8.153,0.054,0.000,0.027,10.552,10.065,10.564
397,2026-01-18T06:10:00,10.964,7.126,6.532,8.100,0.060,0.000,0.030,10.529,9.986,10.619
398,2026-01-18T18:20:00,10.925,7.102,6.504,8.102,0.069,0.000,0.035,10.414,9.893,10.639
399,2026-01-19T06:30:00,10.903,7.080,6.506,8.127,0.073,0.000,0.037,10.308,9.839,10.656
400,2026-01-19T18:40:00,10.897,7.067,6.532,8.183,0.076,0.000,0.038,10.215,9.827,10.666
401,2026-01-20T06:50:00,10.875,7.119,6.503,8.285,0.128,0.000,0.064,10.139,9.803,10.634
402,2026-01-20T19:00:00,10.836,7.240,6.422,8.444,0.254,0.000,0.127,10.086,9.762,10.561
403,2026-01-21T07:10:00,10.803,7.366,6.401,8.649,0.545,0.000,0.273,10.060,9.709,10.510
404,2026-01-21T19:20:00,10.775,7.461,6.442,8.855,0.965,0.000,0.482,10.051,9.644,10.488
405,2026-01-22T07:30:00,10.748,7.350,6.478,8.781,1.133,0.000,0.567,9.979,9.570,10.506
406,2026-01-22T19:40:00,10.721,7.044,6.510,8.421,1.031,0.000,0.516,9.854,9.503,10.561
407,2026-01-23T07:50:00,10.678,6.798,6.545,8.038,0.838,0.000,0.419,9.781,9.509,10.616
408,2026-01-23T20:00:00,10.631,6.582,6.580,7.623,0.565,0.000,0.283,9.748,9.576,10.660
409,2026-01-24T08:10:00,10.630,6.241,6.607,7.160,0.330,0.000,0.165,9.669,9.593,10.657
410,2026-01-24T20:20:00,10.665,5.842,6.625,6.700,0.152,0.000,0.076,9.560,9.562,10.605
411,2026-01-25T08:30:00,10.673,5.684,6.645,6.429,0.072,0.000,0.036,9.497,9.524,10.533
412,2026-01-25T20:40:00,10.650,5.747,6.659,6.360,0.084,0.000,0.042,9.478,9.490,10.440
413,2026-01-26T08:50:00,10.605,5.828,6.643,6.410,0.112,0.000,0.056,9.463,9.500,10.333
414,2026-01-26T21:00:00,10.548,6.004,6.602,6.648,0.239,0.000,0.120,9.483,9.555,10.237
415,2026-01-27T09:10:00,10.514,6.440,6.566,7.173,0.646,0.000,0.323,9.611,9.638,10.219
416,2026-01-27T21:20:00,10.500,6.978,6.537,7.826,1.151,0.000,0.575,9.805,9.726,10.269
417,2026-01-28T09:30:00,10.490,7.172,6.518,8.139,1.243,0.000,0.622,9.922,9.763,10.331
418,2026-01-28T21:40:00,10.490,7.115,6.507,8.182,1.228,0.000,0.614,9.978,9.765,10.409
419,2026-01-29T09:50:00,10.505,7.103,6.504,8.200,1.843,0.000,0.921,10.028,9.778,10.506
420,2026-01-29T22:00:00,10.524,7.113,6.519,8.209,2.670,0.000,1.335,10.061,9.786,10.616
421,2026-01-30T10:10:00,10.519,7.090,6.566,8.242,2.795,0.000,1.397,10.058,9.758,10.726
422,2026-01-30T22:20:00,10.498,7.063,6.639,8.312,2.529,0.000,1.265,10.005,9.702,10.825
423,2026-01-31T10:30:00,10.475,7.082,6.721,8.431,2.530,0.000,1.265,9.892,9.639,10.895
424,2026-01-31T22:40:00,10.456,7.105,6.798,8.533,2.620,0.000,1.310,9.739,9.594,10.924
425,2026-02-01T10:50:00,10.448,7.061,6.852,8.510,2.490,0.000,1.245,9.587,9.609,10.900
426,2026-02-01T23:00:00,10.453,6.984,6.884,8.430,2.294,0.000,1.147,9.440,9.647,10.853
427,2026-02-02T11:10:00,10.472,6.924,6.901,8.400,2.271,0.000,1.135,9.307,9.653,10.833
428,2026-02-02T23:20:00,10.491,6.904,6.925,8.422,2.358,0.000,1.178,9.232,9.652,10.837
429,2026-02-03T11:30:00,10.486,6.956,6.983,8.496,2.474,0.000,1.237,9.273,9.676,10.866
430,2026-02-03T23:40:00,10.465,7.029,7.053,8.620,2.622,0.000,1.311,9.409,9.707,10.919
431,2026-02-04T11:50:00,10.437,7.061,7.108,8.797,2.810,0.000,1.406,9.612,9.722,10.991
432,2026-02-05T00:00:00,10.410,7.061,7.162,8.951,3.019,0.000,1.510,9.822,9.728,11.076
433,2026-02-05T12:10:00,10.395,7.033,7.233,9.000,3.231,0.000,1.615,9.974,9.731,11.166
434,2026-02-06T00:20:00,10.386,7.012,7.300,9.013,3.323,0.000,1.662,10.094,9.730,11.250
435,2026-02-06T12:30:00,10.378,7.032,7.347,9.052,3.164,0.000,1.582,10.199,9.723,11.320
436,2026-02-07T00:40:00,10.376,7.187,7.394,9.143,2.962,0.000,1.480,10.277,9.723,11.381
437,2026-02-07T12:50:00,10.388,7.584,7.464,9.314,2.890,0.000,1.445,10.312,9.746,11.441
438,2026-02-08T01:00:00,10.392,7.946,7.535,9.462,2.972,0.000,1.486,10.335,9.799,11.503
439,2026-02-08T13:10:00,10.370,8.057,7.594,9.500,3.260,0.000,1.630,10.367,9.894,11.571
440,2026-02-09T01:20:00,10.354,7.949,7.631,9.386,3.492,0.000,1.746,10.391,9.942,11.598
441,2026-02-09T13:30:00,10.366,7.587,7.630,9.050,3.472,0.000,1.736,10.393,9.869,11.542
442,2026-02-10T01:40:00,10.389,7.391,7.657,8.850,3.531,0.000,1.766,10.376,9.803,11.455
443,2026-02-10T13:50:00,10.415,7.665,7.758,9.046,3.895,0.000,1.947,10.334,9.819,11.359
444,2026-02-11T02:00:00,10.425,8.030,7.876,9.320,4.315,0.000,2.157,10.322,9.872,11.339
445,2026-02-11T14:10:00,10.404,8.322,7.990,9.537,4.683,0.000,2.341,10.379,9.956,11.468
446,2026-02-12T02:20:00,10.366,8.413,8.074,9.614,4.800,0.000,2.400,10.438,10.028,11.600
447,2026-02-12T14:30:00,10.316,8.164,8.105,9.458,4.475,0.000,2.237,10.473,10.062,11.669
448,2026-02-13T02:40:00,10.282,7.946,8.131,9.288,4.197,0.000,2.098,10.484,10.116,11.703
449,2026-02-13T14:50:00,10.286,7.914,8.170,9.177,4.170,0.000,2.085,10.458,10.220,11.696
450,2026-02-14T03:00:00,10.266,7.986,8.235,9.191,4.257,0.000,2.128,10.462,10.285,11.721
451,2026-02-14T15:10:00,10.191,8.190,8.344,9.416,4.470,0.000,2.235,10.535,10.265,11.814
452,2026-02-15T03:20:00,10.122,8.240,8.431,9.499,4.123,0.000,2.061,10.570,10.233,11.892
453,2026-02-15T15:30:00,10.074,7.985,8.471,9.277,2.743,0.000,1.371,10.520,10.203,11.924
454,2026-02-16T03:40:00,10.018,7.563,8.475,8.796,1.471,0.000,0.735,10.392,10.151,11.854
455,2026-02-16T15:50:00,9.943,6.902,8.424,7.913,0.580,0.000,0.290,10.140,10.062,11.608
456,2026-02-17T04:00:00,9.895,6.339,8.371,7.072,0.021,0.000,0.011,9.886,9.935,11.253
457,2026-02-17T16:10:00,9.897,5.978,8.324,6.357,0.000,0.000,0.000,9.643,9.750,10.726
458,2026-02-18T04:20:00,9.859,5.663,8.263,5.941,0.000,0.000,0.000,9.427,9.560,10.288
459,2026-02-18T16:30:00,9.746,5.419,8.177,6.034,0.000,0.000,0.000,9.257,9.369,10.022
460,2026-02-19T04:40:00,9.664,5.270,8.042,5.983,0.000,0.000,0.000,9.115,9.277,9.815
461,2026-02-19T16:50:00,9.634,5.284,7.829,5.692,0.000,0.000,0.000,9.019,9.355,9.707
462,2026-02-20T05:00:00,9.624,5.383,7.639,5.646,0.004,0.000,0.002,8.931,9.455,9.622
463,2026-02-20T17:10:00,9.651,5.625,7.491,6.008,0.013,0.000,0.006,8.858,9.589,9.572
464,2026-02-21T05:20:00,9.689,5.876,7.398,6.467,0.021,0.000,0.010,8.786,9.708,9.535
465,2026-02-21T17:30:00,9.744,6.142,7.396,7.081,0.026,0.000,0.013,8.733,9.802,9.526
466,2026-02-22T05:40:00,9.805,6.417,7.432,7.754,0.036,0.000,0.018,8.827,9.886,9.606
467,2026-02-22T17:50:00,9.869,6.733,7.517,8.484,0.063,0.000,0.031,9.133,9.946,9.822
468,2026-02-23T06:00:00,9.912,7.246,7.540,8.975,0.180,0.000,0.090,9.382,9.931,10.070
469,2026-02-23T18:10:00,9.927,8.019,7.480,9.112,0.502,0.000,0.251,9.549,9.813,10.358
470,2026-02-24T06:20:00,9.946,8.649,7.452,9.147,1.346,0.000,0.673,9.701,9.713,10.620
471,2026-02-24T18:30:00,9.974,9.079,7.474,9.071,2.885,0.000,1.443,9.839,9.651,10.844
472,2026-02-25T06:40:00,10.015,9.460,7.538,9.138,4.361,0.000,2.180,10.015,9.655,11.061
473,2026-02-25T18:50:00,10.071,9.745,7.659,9.404,5.666,0.000,2.833,10.239,9.756,11.272
474,2026-02-26T07:00:00,10.122,9.854,7.815,9.734,6.508,0.000,3.254,10.466,9.906,11.503
475,2026-02-26T19:10:00,10.165,9.765,8.016,10.134,6.822,0.000,3.411,10.687,10.089,11.779
476,2026-02-27T07:20:00,10.178,9.757,8.233,10.514,7.298,0.000,3.649,10.855,10.140,12.160
477,2026-02-27T19:30:00,10.156,9.838,8.466,10.854,7.866,0.000,3.932,10.948,10.037,12.634
478,2026-02-28T07:40:00,10.126,9.901,8.683,11.128,8.017,0.000,4.009,10.979,9.913,12.967
479,2026-02-28T19:50:00,10.084,9.913,8.883,11.254,7.681,0.000,3.841,10.954,9.783,13.140
480,2026-03-01T08:00:00,10.034,9.785,9.084,11.067,7.204,0.000,3.602,10.978,9.716,13.275
481,2026-03-01T20:10:00,9.984,9.519,9.279,10.595,6.710,0.000,3.355,11.052,9.721,13.363
482,2026-03-02T08:20:00,9.962,9.275,9.445,10.261,6.709,0.000,3.354,11.127,9.750,13.417
483,2026-03-02T20:30:00,9.973,9.103,9.573,10.103,7.110,0.000,3.555,11.203,9.811,13.439
484,2026-03-03T08:40:00,10.007,9.126,9.655,10.108,7.247,0.000,3.623,11.276,9.903,13.467
485,2026-03-03T20:50:00,10.055,9.219,9.704,10.158,7.045,0.000,3.522,11.333,10.018,13.496
486,2026-03-04T09:00:00,10.081,8.952,9.774,9.850,6.498,0.000,3.249,11.339,10.116,13.507
487,2026-03-04T21:10:00,10.107,8.441,9.854,9.315,5.765,0.000,2.883,11.286,10.186,13.478
488,2026-03-05T09:20:00,10.196,8.119,9.911,9.022,5.379,0.000,2.690,11.179,10.215,13.357
489,2026-03-05T21:30:00,10.321,8.021,9.952,9.006,5.357,0.000,2.678,11.075,10.241,13.180
490,2026-03-06T09:40:00,10.401,8.173,10.008,9.263,5.628,0.000,2.813,11.112,10.353,13.056
491,2026-03-06T21:50:00,10.458,8.524,10.071,9.759,6.180,0.000,3.090,11.256,10.507,12.997
492,2026-03-07T10:00:00,10.543,8.925,10.127,10.383,6.950,0.000,3.475,11.413,10.594,13.024
493,2026-03-07T22:10:00,10.648,9.298,10.177,10.999,7.790,0.000,3.895,11.590,10.620,13.132
494,2026-03-08T10:20:00,10.759,9.484,10.222,11.329,8.397,0.000,4.199,11.803,10.605,13.309
495,2026-03-08T22:30:00,10.857,9.509,10.273,11.419,8.736,0.000,4.369,12.006,10.578,13.517
496,2026-03-09T10:40:00,10.903,9.399,10.347,11.322,8.719,0.000,4.359,12.110,10.588,13.687
497,2026-03-09T22:50:00,10.907,9.177,10.413,11.091,8.480,0.000,4.240,12.148,10.588,13.840
498,2026-03-10T11:00:00,10.881,8.855,10.420,10.779,8.193,0.000,4.097,12.155,10.497,14.002
499,2026-03-10T23:10:00,10.845,8.582,10.386,10.541,8.034,0.000,4.017,12.166,10.379,14.156
500,2026-03-11T11:20:00,10.826,8.600,10.327,10.636,8.305,0.000,4.153,12.242,10.323,14.270
501,2026-03-11T23:30:00,10.812,8.745,10.268,10.859,7.925,0.000,3.962,12.346,10.299,14.372
502,2026-03-12T11:40:00,10.790,8.853,10.245,10.997,5.140,0.000,2.570,12.445,10.281,14.493
503,2026-03-12T23:50:00,10.777,8.989,10.253,11.109,1.979,0.000,0.990,12.557,10.281,14.610
504,2026-03-13T12:00:00,10.801,9.245,10.305,11.250,0.635,0.000,0.317,12.711,10.319,14.696
505,2026-03-14T00:10:00,10.867,9.479,10.380,11.413,0.129,0.000,0.065,12.881,10.375,14.771
506,2026-03-14T12:20:00,11.011,9.528,10.475,11.605,0.000,0.000,0.000,13.050,10.435,14.850
507,2026-03-15T00:30:00,11.138,9.555,10.569,11.853,0.000,0.000,0.000,13.204,10.475,14.944
508,2026-03-15T12:40:00,11.152,9.696,10.643,12.223,0.000,0.000,0.000,13.315,10.454,15.073
509,2026-03-16T00:50:00,11.136,9.877,10.699,12.628,0.000,0.000,0.000,13.436,10.424,15.228
510,2026-03-16T13:00:00,11.132,10.076,10.724,13.033,0.000,0.000,0.000,13.615,10.418,15.423
511,2026-03-17T01:10:00,11.143,10.271,10.766,13.403,0.000,0.000,0.000,13.832,10.443,15.629
512,2026-03-17T13:20:00,11.185,10.447,10.879,13.677,0.000,0.000,0.000,14.114,10.531,15.838
513,2026-03-18T01:30:00,11.216,10.615,11.005,13.907,0.000,0.000,0.000,14.373,10.702,16.083
514,2026-03-18T13:40:00,11.203,10.774,11.125,14.071,0.000,0.000,0.000,14.531,11.060,16.422
515,2026-03-19T01:50:00,11.215,10.924,11.265,14.186,0.000,0.000,0.000,14.645,11.391,16.776
516,2026-03-19T14:00:00,11.313,11.054,11.457,14.200,0.000,0.000,0.000,14.685,11.559,17.123
517,2026-03-20T02:10:00,11.405,11.176,11.630,14.238,0.000,0.000,0.000,14.743,11.673,17.434
518,2026-03-20T14:20:00,11.447,11.282,11.735,14.379,0.000,0.000,0.000,14.878,11.714,17.651
519,2026-03-21T02:30:00,11.493,11.347,11.837,14.453,0.000,0.000,0.000,14.997,11.742,17.853
520,2026-03-21T14:40:00,11.568,11.302,11.953,14.317,0.000,0.000,0.000,15.054,11.761,18.046
521,2026-03-22T02:50:00,11.625,11.239,12.049,14.192,0.000,0.000,0.000,15.029,11.764,18.191
522,2026-03-22T15:00:00,11.626,11.150,12.094,14.137,0.000,0.000,0.000,14.802,11.733,18.210
523,2026-03-23T03:10:00,11.626,11.135,12.158,14.114,0.000,0.000,0.000,14.703,11.759,18.223
524,2026-03-23T15:20:00,11.631,11.316,12.282,14.163,0.000,0.000,0.000,14.970,11.943,18.236
525,2026-03-24T03:30:00,11.644,11.447,12.401,14.185,0.000,0.000,0.000,15.185,12.079,18.249
526,2026-03-24T15:40:00,11.680,11.436,12.506,14.130,0.000,0.000,0.000,15.255,12.085,18.264
527,2026-03-25T03:50:00,11.720,11.338,12.599,13.988,0.000,0.000,0.000,15.351,12.151,18.279
528,2026-03-25T16:00:00,11.767,11.028,12.660,13.636,0.000,0.000,0.000,15.495,12.359,18.295
529,2026-03-26T04:10:00,11.772,10.717,12.707,13.330,0.000,0.000,0.000,15.456,12.510,18.304
530,2026-03-26T16:20:00,11.689,10.419,12.724,13.137,0.000,0.000,0.000,15.012,12.534,18.299
531,2026-03-27T04:30:00,11.700,10.272,12.751,13.056,0.000,0.000,0.000,14.676,12.512,18.292
532,2026-03-27T16:40:00,11.905,10.442,12.794,13.211,0.000,0.000,0.000,14.580,12.398,18.284
533,2026-03-28T04:50:00,12.054,10.614,12.815,13.381,0.000,0.000,0.000,14.587,12.328,18.304
534,2026-03-28T17:00:00,12.092,10.781,12.796,13.575,0.000,0.000,0.000,14.778,12.346,18.377
535,2026-03-29T05:10:00,12.110,10.880,12.816,13.700,0.000,0.000,0.000,14.840,12.356,18.425
536,2026-03-29T17:20:00,12.090,10.847,12.901,13.692,0.000,0.000,0.000,14.657,12.344,18.422
537,2026-03-30T05:30:00,12.061,10.764,12.967,13.631,0.000,0.000,0.000,14.426,12.287,18.375
538,2026-03-30T17:40:00,12.017,10.590,12.998,13.444,0.000,0.000,0.000,14.112,12.162,18.245
539,2026-03-31T05:50:00,11.972,10.402,12.996,13.035,0.000,0.000,0.000,13.805,12.119,18.059
540,2026-03-31T18:00:00,11.931,10.186,12.941,12.268,0.000,0.000,0.000,13.522,12.204,17.783
541,2026-04-01T06:10:00,11.918,9.953,12.878,11.463,0.000,0.000,0.000,13.324,12.284,17.493
542,2026-04-01T18:20:00,11.942,9.701,12.803,10.670,0.000,0.000,0.000,13.261,12.366,17.185
543,2026-04-02T06:30:00,11.952,9.473,12.723,10.254,0.000,0.000,0.000,13.238,12.496,16.891
544,2026-04-02T18:40:00,11.943,9.323,12.635,10.399,0.000,0.000,0.000,13.283,12.668,16.632
545,2026-04-03T06:50:00,11.922,9.402,12.526,10.770,0.000,0.000,0.000,13.400,12.708,16.453
546,2026-04-03T19:00:00,11.908,9.779,12.396,11.425,0.000,0.000,0.000,13.605,12.595,16.392
547,2026-04-04T07:10:00,12.008,10.179,12.292,12.058,0.000,0.000,0.000,13.784,12.541,16.412
548,2026-04-04T19:20:00,12.234,10.579,12.225,12.644,0.000,0.000,0.000,13.943,12.552,16.537
549,2026-04-05T07:30:00,12.422,10.836,12.193,13.119,0.000,0.000,0.000,14.141,12.531,16.704
550,2026-04-05T19:40:00,12.550,10.941,12.204,13.454,0.000,0.000,0.000,14.369,12.476,16.918
551,2026-04-06T07:50:00,12.593,11.057,12.234,13.698,0.000,0.000,0.000,14.536,12.420,17.123
552,2026-04-06T20:00:00,12.563,11.191,12.286,13.860,0.000,0.000,0.000,14.653,12.388,17.329
553,2026-04-07T08:10:00,12.585,11.354,12.354,14.070,0.000,0.000,0.000,14.817,12.470,17.568
554,2026-04-07T20:20:00,12.668,11.544,12.438,14.334,0.000,0.000,0.000,15.023,12.620,17.837
555,2026-04-08T08:30:00,12.804,11.743,12.521,14.648,0.000,0.000,0.000,15.223,12.596,18.098
556,2026-04-08T20:40:00,12.968,11.903,12.605,14.888,0.000,0.000,0.000,15.441,12.454,18.342
557,2026-04-09T08:50:00,13.057,11.859,12.701,14.622,0.000,0.000,0.000,15.761,12.435,18.540
558,2026-04-09T21:00:00,13.077,11.621,12.791,13.926,0.000,0.000,0.000,16.150,12.481,18.655
559,2026-04-10T09:10:00,13.049,11.235,12.821,13.074,0.000,0.000,0.000,16.494,12.400,18.569
560,2026-04-10T21:20:00,12.939,10.727,12.800,12.067,0.000,0.000,0.000,16.693,12.205,18.235
561,2026-04-11T09:30:00,12.622,10.136,12.753,10.870,0.000,0.000,0.000,16.406,11.906,17.444
562,2026-04-11T21:40:00,12.228,9.586,12.689,9.756,0.000,0.000,0.000,15.837,11.584,16.431
563,2026-04-12T09:50:00,12.083,9.438,12.628,9.505,0.000,0.000,0.000,15.403,11.442,15.725
564,2026-04-12T22:00:00,12.118,9.543,12.563,9.826,0.000,0.000,0.000,15.083,11.467,15.266
565,2026-04-13T10:10:00,12.302,9.732,12.477,10.435,0.000,0.000,0.000,14.913,11.755,15.086
566,2026-04-13T22:20:00,12.553,9.971,12.390,11.111,0.000,0.000,0.000,14.788,12.112,15.069
567,2026-04-14T10:30:00,12.758,10.230,12.336,11.431,0.000,0.000,0.000,14.520,12.183,15.117
568,2026-04-14T22:40:00,12.894,10.393,12.322,11.525,0.000,0.000,0.000,14.216,12.133,15.177
569,2026-04-15T10:50:00,12.833,10.106,12.398,11.375,0.000,0.000,0.000,14.043,12.138,15.151
570,2026-04-15T23:00:00,12.689,9.667,12.490,11.121,0.000,0.000,0.000,13.917,12.195,15.083
571,2026-04-16T11:10:00,12.537,9.386,12.489,10.867,0.000,0.000,0.000,13.748,12.372,14.984
572,2026-04-16T23:20:00,12.429,9.250,12.451,10.745,0.000,0.000,0.000,13.631,12.517,14.910
573,2026-04-17T11:30:00,12.515,9.480,12.401,11.175,0.000,0.000,0.000,13.797,12.342,14.993
574,2026-04-17T23:40:00,12.647,9.852,12.353,11.799,0.000,0.000,0.000,14.069,12.156,15.132
575,2026-04-18T11:50:00,12.712,10.322,12.326,12.490,0.000,0.000,0.000,14.400,12.356,15.289
576,2026-04-19T00:00:00,12.748,10.719,12.308,13.021,0.000,0.000,0.000,14.677,12.593,15.437
577,2026-04-19T12:10:00,12.738,10.688,12.307,12.794,0.000,0.000,0.000,14.644,12.528,15.531
578,2026-04-20T00:20:00,12.692,10.519,12.312,12.389,0.000,0.000,0.000,14.517,12.362,15.568
579,2026-04-20T12:30:00,12.539,10.187,12.325,11.983,0.000,0.000,0.000,14.299,12.066,15.416
580,2026-04-21T00:40:00,12.390,9.895,12.340,11.604,0.000,0.000,0.000,14.079,11.810,15.223
581,2026-04-21T12:50:00,12.348,9.914,12.364,11.333,0.000,0.000,0.000,13.930,11.831,15.005
582,2026-04-22T01:00:00,12.347,10.031,12.391,11.157,0.000,0.000,0.000,13.864,11.961,14.842
583,2026-04-22T13:10:00,12.454,10.363,12.428,11.320,0.000,0.000,0.000,14.120,12.376,14.926
584,2026-04-23T01:20:00,12.573,10.680,12.461,11.602,0.000,0.000,0.000,14.404,12.756,15.072
585,2026-04-23T13:30:00,12.690,10.822,12.463,12.232,0.000,0.000,0.000,14.641,12.835,15.360
586,2026-04-24T01:40:00,12.811,10.997,12.466,12.836,0.000,0.000,0.000,14.804,12.804,15.598
587,2026-04-24T13:50:00,12.945,11.376,12.485,13.204,0.000,0.000,0.000,14.661,12.397,15.562
588,2026-04-25T02:00:00,13.052,11.631,12.519,13.394,0.000,0.000,0.000,14.518,12.004,15.533
589,2026-04-25T14:10:00,13.035,11.286,12.622,12.851,0.000,0.000,0.000,14.444,11.754,15.594
590,2026-04-26T02:20:00,12.978,10.966,12.726,12.361,0.000,0.000,0.000,14.415,11.600,15.656
591,2026-04-26T14:30:00,12.758,10.803,12.831,12.162,0.012,0.018,0.015,14.573,11.855,15.716
592,2026-04-27T02:40:00,12.599,10.700,12.932,12.067,0.360,0.537,0.448,14.748,12.123,15.819
593,2026-04-27T14:50:00,12.674,10.829,13.019,12.373,2.027,3.004,2.516,14.997,12.435,16.091
594,2026-04-28T03:00:00,12.755,10.977,13.091,12.725,4.106,5.765,4.936,15.251,12.693,16.393
595,2026-04-28T15:10:00,12.859,11.194,13.111,13.232,7.561,9.483,8.522,15.517,12.767,16.795
596,2026-04-29T03:20:00,12.958,11.430,13.142,13.738,10.291,12.376,11.334,15.766,12.797,17.195
597,2026-04-29T15:30:00,13.042,11.720,13.207,14.242,10.754,12.696,11.725,15.958,12.697,17.588
598,2026-04-30T03:40:00,13.116,11.963,13.280,14.707,11.129,12.976,12.053,16.110,12.614,17.964
599,2026-04-30T15:50:00,13.158,12.073,13.381,15.059,11.256,13.133,12.194,16.148,12.581,18.292
600,2026-05-01T04:00:00,13.144,12.205,13.490,15.383,11.359,13.181,12.270,16.115,12.531,18.567
601,2026-05-01T16:10:00,12.994,12.382,13.619,15.621,11.398,12.952,12.175,15.905,12.443,18.705
602,2026-05-02T04:20:00,12.866,12.488,13.748,15.709,11.409,12.747,12.078,15.657,12.395,18.781
603,2026-05-02T16:30:00,12.790,12.420,13.870,15.445,11.368,12.614,11.991,15.322,12.441,18.710
604,2026-05-03T04:40:00,12.717,12.302,13.968,15.086,11.457,12.643,12.049,14.963,12.462,18.598
605,2026-05-03T16:50:00,12.647,12.089,14.016,14.529,11.828,13.013,12.421,14.571,12.423,18.394
606,2026-05-04T05:00:00,12.554,11.981,14.065,13.971,12.324,13.422,12.873,14.321,12.312,18.142
607,2026-05-04T17:10:00,12.419,12.107,14.116,13.470,13.040,13.904,13.473,14.359,12.086,17.806
608,2026-05-05T05:20:00,12.316,12.504,14.172,13.411,13.640,14.384,14.012,14.522,12.051,17.561
609,2026-05-05T17:30:00,12.279,13.335,14.236,14.150,14.025,14.846,14.435,14.906,12.336,17.489
610,2026-05-06T05:40:00,12.332,13.908,14.285,15.114,14.299,15.218,14.758,15.311,12.570,17.550
611,2026-05-06T17:50:00,12.529,14.068,14.320,16.384,14.373,15.420,14.897,15.749,12.713,17.829
612,2026-05-07T06:00:00,12.746,14.187,14.430,17.300,14.262,15.425,14.843,16.165,12.802,18.146
613,2026-05-07T18:10:00,12.991,14.244,14.644,17.683,13.907,15.169,14.537,16.539,12.824,18.515
614,2026-05-08T06:20:00,13.229,14.275,14.806,17.900,13.742,15.083,14.412,16.831,12.906,18.850
615,2026-05-08T18:30:00,13.449,14.270,14.909,17.915,13.818,15.200,14.509,17.015,13.050,19.141
616,2026-05-09T06:40:00,13.599,14.274,15.063,18.039,13.836,15.166,14.501,17.180,13.073,19.449
617,2026-05-09T18:50:00,13.656,14.301,15.285,18.299,13.793,14.969,14.381,17.322,12.970,19.770
618,2026-05-10T07:00:00,13.645,14.425,15.547,18.604,13.805,14.873,14.339,17.452,13.002,20.050
619,2026-05-10T19:10:00,13.537,14.640,15.835,18.926,13.872,14.883,14.377,17.566,13.154,20.289
620,2026-05-11T07:20:00,13.264,14.762,16.016,19.008,13.900,14.854,14.377,17.663,13.125,20.549
621,2026-05-11T19:30:00,12.850,14.783,16.084,18.832,13.902,14.816,14.359,17.730,12.940,20.817
622,2026-05-12T07:40:00,12.591,14.728,16.092,18.481,13.992,14.995,14.494,17.688,12.912,20.999
623,2026-05-12T19:50:00,12.474,14.590,16.056,17.977,14.111,15.273,14.692,17.564,13.031,21.097
624,2026-05-13T08:00:00,12.393,14.328,16.095,17.500,13.886,14.872,14.379,17.542,13.228,21.136
625,2026-05-13T20:10:00,12.345,13.989,16.194,17.077,13.404,13.987,13.696,17.616,13.469,21.132
626,2026-05-14T08:20:00,12.300,13.809,16.285,16.900,13.063,13.547,13.304,17.800,13.587,21.156
627,2026-05-14T20:30:00,12.231,13.729,16.368,16.873,12.819,13.423,13.121,18.038,13.616,21.199
628,2026-05-15T08:40:00,11.961,13.540,16.429,16.648,12.544,13.274,12.909,18.094,13.661,21.216
629,2026-05-15T20:50:00,11.578,13.268,16.464,16.276,12.180,13.029,12.604,17.989,13.731,21.194
630,2026-05-16T09:00:00,11.328,12.904,16.429,15.787,11.297,12.176,11.737,17.572,13.907,20.995
631,2026-05-16T21:10:00,11.176,12.508,16.360,15.254,10.178,11.068,10.623,17.016,14.106,20.675
632,2026-05-17T09:20:00,11.183,12.282,16.358,14.906,9.535,10.685,10.110,16.762,14.020,20.191
633,2026-05-17T21:30:00,11.262,12.177,16.385,14.706,9.186,10.647,9.917,16.692,13.802,19.650
634,2026-05-18T09:40:00,11.269,12.341,16.385,14.922,9.222,10.389,9.806,16.846,13.699,19.312
635,2026-05-18T21:50:00,11.233,12.640,16.364,15.349,9.462,10.114,9.788,17.103,13.640,19.107
636,2026-05-19T10:00:00,11.119,13.027,16.279,15.942,9.928,10.490,10.209,17.375,13.513,19.215
637,2026-05-19T22:10:00,10.976,13.447,16.177,16.601,10.490,11.126,10.808,17.641,13.389,19.465
638,2026-05-20T10:20:00,10.855,13.865,16.152,17.260,11.086,11.754,11.421,17.810,13.515,19.848
639,2026-05-20T22:30:00,10.757,14.273,16.165,17.906,11.679,12.352,12.016,17.942,13.701,20.262
640,2026-05-21T10:40:00,10.789,14.605,16.259,18.444,12.139,12.711,12.424,18.034,13.677,20.563
641,2026-05-21T22:50:00,10.849,14.906,16.373,18.916,12.533,12.981,12.757,18.094,13.600,20.815
642,2026-05-22T11:00:00,10.831,15.135,16.440,19.092,12.723,13.092,12.907,17.981,13.590,20.954
643,2026-05-22T23:10:00,10.797,15.322,16.505,19.175,12.834,13.117,12.975,17.837,13.607,21.055
644,2026-05-23T11:20:00,10.807,15.313,16.649,19.105,12.696,12.760,12.728,17.815,13.714,21.082
645,2026-05-23T23:30:00,10.828,15.267,16.796,19.000,12.519,12.377,12.448,17.802,13.826,21.088
646,2026-05-24T11:40:00,10.870,15.250,16.827,18.854,12.465,12.465,12.465,17.660,13.813,21.063
647,2026-05-24T23:50:00,10.904,15.196,16.841,18.652,12.370,12.596,12.484,17.503,13.803,21.014
648,2026-05-25T12:00:00,10.852,14.774,16.861,18.000,11.734,12.406,12.070,17.415,13.998,20.812
649,2026-05-26T00:10:00,10.783,14.248,16.878,17.230,10.986,12.127,11.557,17.351,14.188,20.598
650,2026-05-26T12:20:00,10.656,13.189,16.857,15.913,9.856,11.401,10.629,17.436,14.088,20.451
651,2026-05-27T00:30:00,10.538,12.192,16.838,14.645,8.774,10.693,9.734,17.538,13.966,20.315
652,2026-05-27T12:40:00,10.544,12.240,16.870,14.336,8.489,10.534,9.512,17.671,13.900,20.237
653,2026-05-28T00:50:00,10.565,12.338,16.884,14.124,8.306,10.446,9.376,17.756,13.836,20.148
654,2026-05-28T13:00:00,10.639,12.333,16.685,14.317,8.674,10.745,9.710,17.358,13.763,19.930
655,2026-05-29T01:10:00,10.708,12.360,16.499,14.549,9.065,11.037,10.052,17.005,13.699,19.720
656,2026-05-29T13:20:00,10.709,12.710,16.465,15.057,9.555,11.163,10.359,17.191,13.720,19.624
657,2026-05-30T01:30:00,10.738,13.087,16.441,15.618,10.050,11.329,10.689,17.389,13.753,19.572
658,2026-05-30T13:40:00,10.974,13.653,16.480,16.579,10.590,11.796,11.193,17.678,13.874,19.851
659,2026-05-31T01:50:00,11.176,14.159,16.514,17.469,11.128,12.258,11.693,17.944,13.994,20.118
660,2026-05-31T14:00:00,11.160,14.295,16.516,17.925,11.652,12.681,12.167,18.076,14.098,20.325
661,2026-06-01T02:10:00,11.133,14.438,16.527,18.381,12.145,13.171,12.659,18.188,14.188,20.538
662,2026-06-01T14:20:00,11.048,14.624,16.585,18.838,12.477,13.994,13.236,18.206,14.207,20.790
663,2026-06-02T02:30:00,10.985,14.859,16.630,19.304,12.801,14.779,13.791,18.242,14.238,21.048
664,2026-06-02T14:40:00,11.012,15.296,16.622,19.807,13.084,15.387,14.236,18.362,14.319,21.337
665,2026-06-03T02:50:00,11.039,15.668,16.635,20.236,13.344,15.868,14.606,18.531,14.430,21.624
666,2026-06-03T15:00:00,11.068,15.790,16.732,20.384,13.520,15.881,14.701,18.881,14.652,21.895
667,2026-06-04T03:10:00,11.094,15.869,16.828,20.474,13.697,15.925,14.811,19.190,14.816,22.188
668,2026-06-04T15:20:00,11.106,15.809,16.925,20.370,13.877,16.067,14.972,19.361,14.793,22.544
669,2026-06-05T03:30:00,11.108,15.753,17.022,20.227,14.049,16.162,15.105,19.422,14.759,22.822
670,2026-06-05T15:40:00,11.080,15.698,17.125,19.968,14.189,16.106,15.148,19.180,14.702,22.867
671,2026-06-06T03:50:00,11.051,15.528,17.200,19.624,14.131,15.784,14.958,19.038,14.749,22.838
672,2026-06-06T16:00:00,11.023,15.068,17.207,19.066,13.578,14.801,14.190,19.141,15.048,22.624
673,2026-06-07T04:10:00,11.037,14.532,17.205,18.491,13.007,13.920,13.464,19.164,15.183,22.440
674,2026-06-07T16:20:00,11.140,13.846,17.183,17.896,12.424,13.304,12.864,19.018,14.969,22.323
675,2026-06-08T04:30:00,11.158,13.454,17.174,17.519,12.215,13.410,12.812,19.003,14.899,22.190
676,2026-06-08T16:40:00,11.016,13.642,17.185,17.583,12.729,14.893,13.811,19.245,15.109,22.030
677,2026-06-09T04:50:00,10.982,13.932,17.190,17.881,13.037,15.628,14.332,19.395,15.268,21.946
678,2026-06-09T17:00:00,11.133,14.394,17.184,18.585,12.982,15.066,14.025,19.381,15.332,21.994
679,2026-06-10T05:10:00,11.232,14.771,17.194,19.172,12.959,14.761,13.860,19.281,15.307,22.076
680,2026-06-10T17:20:00,11.248,15.010,17.232,19.583,12.990,14.861,13.925,19.055,15.143,22.214
681,2026-06-11T05:30:00,11.236,15.291,17.315,20.098,13.117,15.018,14.068,19.015,14.994,22.365
682,2026-06-11T17:40:00,11.187,15.628,17.455,20.751,13.386,15.256,14.321,19.231,14.875,22.530
683,2026-06-12T05:50:00,11.158,15.919,17.542,21.295,13.702,15.446,14.574,19.418,14.911,22.672
684,2026-06-12T18:00:00,11.155,16.152,17.565,21.699,14.076,15.569,14.822,19.563,15.134,22.786
685,2026-06-13T06:10:00,11.152,16.332,17.603,22.080,14.365,15.608,14.986,19.648,15.246,22.898
686,2026-06-13T18:20:00,11.149,16.453,17.660,22.431,14.560,15.556,15.058,19.663,15.238,23.009
687,2026-06-14T06:30:00,11.140,16.596,17.754,22.708,14.753,15.565,15.159,19.685,15.278,23.133
688,2026-06-14T18:40:00,11.126,16.761,17.883,22.911,14.943,15.632,15.287,19.715,15.365,23.271
689,2026-06-15T06:50:00,11.096,16.936,18.025,23.114,15.118,15.649,15.383,19.749,15.365,23.360
690,2026-06-15T19:00:00,11.054,17.121,18.176,23.318,15.279,15.629,15.454,19.783,15.290,23.403
691,2026-06-16T07:10:00,11.049,17.325,18.318,23.549,15.502,15.766,15.634,19.730,15.294,23.387
692,2026-06-16T19:20:00,11.072,17.544,18.454,23.798,15.772,16.026,15.899,19.603,15.357,23.322
693,2026-06-17T07:30:00,11.056,17.706,18.585,23.931,16.045,16.193,16.119,19.391,15.342,23.225
694,2026-06-17T19:40:00,11.015,17.810,18.709,23.962,16.319,16.293,16.306,19.121,15.278,23.105
695,2026-06-18T07:50:00,11.016,17.511,18.768,23.445,16.548,16.340,16.444,18.891,15.287,22.959
696,2026-06-18T20:00:00,11.042,16.953,18.786,22.588,16.728,16.332,16.530,18.692,15.338,22.795
697,2026-06-19T08:10:00,10.997,16.330,18.880,21.858,16.283,15.652,15.967,18.593,15.216,22.575
698,2026-06-19T20:20:00,10.918,15.696,19.017,21.218,15.499,14.620,15.060,18.547,15.008,22.323
699,2026-06-20T08:30:00,10.940,15.939,19.139,21.177,15.038,14.240,14.639,18.381,15.071,22.106
700,2026-06-20T20:40:00,11.014,16.599,19.257,21.435,14.742,14.179,14.460,18.161,15.261,21.908
701,2026-06-21T08:50:00,11.085,16.899,19.422,21.831,14.659,14.147,14.404,18.068,15.174,21.811
702,2026-06-21T21:00:00,11.153,17.049,19.606,22.284,14.667,14.128,14.398,18.038,14.972,21.757
703,2026-06-22T09:10:00,11.197,17.469,19.753,22.591,14.676,14.109,14.393,18.401,14.952,21.698
704,2026-06-22T21:20:00,11.230,17.976,19.882,22.839,14.685,14.090,14.387,18.893,14.998,21.637
705,2026-06-23T09:30:00,11.217,17.906,19.901,22.821,14.693,14.070,14.382,18.698,15.055,21.570
706,2026-06-23T21:40:00,11.190,17.654,19.882,22.717,14.698,14.047,14.373,18.291,15.116,21.499
707,2026-06-24T09:50:00,11.132,17.457,19.856,22.536,14.498,13.913,14.205,18.003,15.180,21.430
708,2026-06-24T22:00:00,11.068,17.276,19.828,22.334,14.253,13.755,14.004,17.747,15.245,21.360
709,2026-06-25T10:10:00,11.128,17.163,19.784,22.173,14.406,14.048,14.227,17.526,15.294,21.311
710,2026-06-25T22:20:00,11.214,17.059,19.735,22.017,14.643,14.435,14.539,17.315,15.341,21.265
711,2026-06-26T10:30:00,11.211,16.542,19.647,21.606,14.547,14.366,14.456,17.314,15.380,21.201
712,2026-06-26T22:40:00,11.191,15.952,19.553,21.148,14.390,14.211,14.300,17.353,15.422,21.134
713,2026-06-27T10:50:00,11.119,15.429,19.550,20.558,14.074,13.701,13.888,17.535,15.811,21.070
714,2026-06-27T23:00:00,11.040,14.917,19.558,19.951,13.734,13.141,13.437,17.736,16.246,21.008
715,2026-06-28T11:10:00,11.063,14.696,19.478,19.434,13.098,12.546,12.823,17.836,16.499,21.044
716,2026-06-28T23:20:00,11.097,14.505,19.390,18.931,12.437,11.951,12.194,17.924,16.730,21.091
717,2026-06-29T11:30:00,11.161,14.444,19.409,18.948,12.345,12.180,12.262,17.794,16.400,21.246
718,2026-06-29T23:40:00,11.227,14.394,19.434,19.000,12.289,12.460,12.375,17.651,16.036,21.407
719,2026-06-30T11:50:00,11.296,14.879,19.403,19.641,12.362,12.095,12.229,17.553,16.059,21.357
