# station=9414290
# station_name=San_Francisco,_CA
# product=NOAA_CO-OPS_hourly_tide_predictions
# datum=MLLW units=metric time_zone=GMT
# window=2025-07-01..2026-06-30
# source_url=https://api.tidesandcurrents.noaa.gov/api/prod/datagetter?begin_date=20250701&end_date=20260630&station=9414290&product=predictions&datum=MLLW&time_zone=gmt&units=metric&interval=h&application=water_council&format=json
frame	timestamp_utc	water_level_m	normalized_height	normalized_velocity
0	2025-07-01T00:00:00Z	1.575000	0.778499	-0.080580
1	2025-07-01T12:10:00Z	1.277500	0.671176	-0.204136
2	2025-07-02T00:20:00Z	1.574000	0.778139	0.101262
3	2025-07-02T12:30:00Z	1.165500	0.630772	-0.033844
4	2025-07-03T00:40:00Z	1.589667	0.783790	0.145850
5	2025-07-03T12:50:00Z	1.028167	0.581229	0.110798
6	2025-07-04T01:00:00Z	1.615000	0.792929	0.186946
7	2025-07-04T13:10:00Z	0.867000	0.523088	0.222267
8	2025-07-05T01:20:00Z	1.615000	0.792929	0.211120
9	2025-07-05T13:30:00Z	0.708500	0.465909	0.298952
10	2025-07-06T01:40:00Z	1.617667	0.793891	0.240666
11	2025-07-06T13:50:00Z	0.558667	0.411857	0.354821
12	2025-07-07T02:00:00Z	1.610000	0.791126	0.278807
13	2025-07-07T14:10:00Z	0.421500	0.362374	0.387053
14	2025-07-08T02:20:00Z	1.573000	0.777778	0.300564
15	2025-07-08T14:30:00Z	0.298000	0.317821	0.400886
16	2025-07-09T02:40:00Z	1.524000	0.760101	0.323664
17	2025-07-09T14:50:00Z	0.179833	0.275192	0.410690
18	2025-07-10T03:00:00Z	1.454000	0.734848	0.347301
19	2025-07-10T15:10:00Z	0.070667	0.235810	0.406527
20	2025-07-11T03:20:00Z	1.369000	0.704185	0.337094
21	2025-07-11T15:30:00Z	-0.015500	0.204726	0.386785
22	2025-07-12T03:40:00Z	1.265333	0.666787	0.323932
23	2025-07-12T15:50:00Z	-0.086000	0.179293	0.363551
24	2025-07-13T04:00:00Z	1.130000	0.617965	0.298147
25	2025-07-13T16:10:00Z	-0.110333	0.170515	0.319635
26	2025-07-14T04:20:00Z	0.987667	0.566619	0.233145
27	2025-07-14T16:30:00Z	-0.069500	0.185245	0.252619
28	2025-07-15T04:40:00Z	0.826667	0.508538	0.143433
29	2025-07-15T16:50:00Z	0.019667	0.217412	0.176605
30	2025-07-16T05:00:00Z	0.660000	0.448413	0.019339
31	2025-07-16T17:10:00Z	0.179833	0.275192	0.081520
32	2025-07-17T05:20:00Z	0.563000	0.413420	-0.149073
33	2025-07-17T17:30:00Z	0.401500	0.355159	-0.014504
34	2025-07-18T05:40:00Z	0.525667	0.399952	-0.333871
35	2025-07-18T17:50:00Z	0.637000	0.440115	-0.099248
36	2025-07-19T06:00:00Z	0.573000	0.417027	-0.529412
37	2025-07-19T18:10:00Z	0.886167	0.530002	-0.158206
38	2025-07-20T06:20:00Z	0.744667	0.478956	-0.669890
39	2025-07-20T18:30:00Z	1.109500	0.610570	-0.167607
40	2025-07-21T06:40:00Z	0.976667	0.562650	-0.763631
41	2025-07-21T18:50:00Z	1.290333	0.675806	-0.147462
42	2025-07-22T07:00:00Z	1.259000	0.664502	-0.802579
43	2025-07-22T19:10:00Z	1.418833	0.722162	-0.079774
44	2025-07-23T07:20:00Z	1.513000	0.756133	-0.728713
45	2025-07-23T19:30:00Z	1.480500	0.744408	0.011684
46	2025-07-24T07:40:00Z	1.717000	0.829726	-0.616976
47	2025-07-24T19:50:00Z	1.517500	0.757756	0.105291
48	2025-07-25T08:00:00Z	1.864000	0.882756	-0.469782
49	2025-07-25T20:10:00Z	1.513333	0.756253	0.197824
50	2025-07-26T08:20:00Z	1.865333	0.883237	-0.297878
51	2025-07-26T20:30:00Z	1.485000	0.746032	0.259871
52	2025-07-27T08:40:00Z	1.800667	0.859909	-0.146656
53	2025-07-27T20:50:00Z	1.474667	0.742304	0.305265
54	2025-07-28T09:00:00Z	1.681000	0.816739	-0.009670
55	2025-07-28T21:10:00Z	1.457667	0.736171	0.323261
56	2025-07-29T09:20:00Z	1.474667	0.742304	0.085146
57	2025-07-29T21:30:00Z	1.446500	0.732143	0.317889
58	2025-07-30T09:40:00Z	1.260000	0.664863	0.154983
59	2025-07-30T21:50:00Z	1.450167	0.733466	0.312785
60	2025-07-31T10:00:00Z	1.040000	0.585498	0.204674
61	2025-07-31T22:10:00Z	1.442500	0.730700	0.300967
62	2025-08-01T10:20:00Z	0.814000	0.503968	0.222938
63	2025-08-01T22:30:00Z	1.422500	0.723485	0.285657
64	2025-08-02T10:40:00Z	0.606667	0.429173	0.226430
65	2025-08-02T22:50:00Z	1.388500	0.711219	0.277464
66	2025-08-03T11:00:00Z	0.413000	0.359307	0.221595
67	2025-08-03T23:10:00Z	1.332333	0.690957	0.261214
68	2025-08-04T11:20:00Z	0.251333	0.300986	0.188826
69	2025-08-04T23:30:00Z	1.268000	0.667749	0.236503
70	2025-08-05T11:40:00Z	0.107333	0.249038	0.150954
71	2025-08-05T23:50:00Z	1.186667	0.638408	0.214075
72	2025-08-06T12:00:00Z	-0.030000	0.199495	0.108783
73	2025-08-07T00:10:00Z	1.100667	0.607383	0.181037
74	2025-08-07T12:20:00Z	-0.111667	0.170034	0.046737
75	2025-08-08T00:30:00Z	1.013500	0.575938	0.141418
76	2025-08-08T12:40:00Z	-0.174333	0.147427	-0.016653
77	2025-08-09T00:50:00Z	0.905167	0.536857	0.093339
78	2025-08-09T13:00:00Z	-0.212000	0.133838	-0.086221
79	2025-08-10T01:10:00Z	0.796333	0.497595	0.020414
80	2025-08-10T13:20:00Z	-0.144667	0.158129	-0.169218
81	2025-08-11T01:30:00Z	0.706500	0.465188	-0.077760
82	2025-08-11T13:40:00Z	-0.027667	0.200337	-0.243621
83	2025-08-12T01:50:00Z	0.628833	0.437169	-0.202928
84	2025-08-12T14:00:00Z	0.136000	0.259380	-0.313457
85	2025-08-13T02:10:00Z	0.620333	0.434103	-0.346898
86	2025-08-13T14:20:00Z	0.398333	0.354016	-0.338974
87	2025-08-14T02:30:00Z	0.695500	0.461219	-0.473006
88	2025-08-14T14:40:00Z	0.659000	0.448052	-0.323127
89	2025-08-15T02:50:00Z	0.843667	0.514671	-0.580177
90	2025-08-15T15:00:00Z	0.907000	0.537518	-0.270749
91	2025-08-16T03:10:00Z	1.075167	0.598184	-0.623691
92	2025-08-16T15:20:00Z	1.113333	0.611953	-0.146119
93	2025-08-17T03:30:00Z	1.339000	0.693362	-0.589041
94	2025-08-17T15:40:00Z	1.247333	0.660293	-0.003223
95	2025-08-18T03:50:00Z	1.605667	0.789562	-0.500403
96	2025-08-18T16:00:00Z	1.322000	0.687229	0.154714
97	2025-08-19T04:10:00Z	1.820833	0.867184	-0.347166
98	2025-08-19T16:20:00Z	1.302667	0.680255	0.299490
99	2025-08-20T04:30:00Z	1.941500	0.910714	-0.172442
100	2025-08-20T16:40:00Z	1.257000	0.663781	0.414719
101	2025-08-21T04:50:00Z	1.989000	0.927850	0.003358
102	2025-08-21T17:00:00Z	1.202000	0.643939	0.509267
103	2025-08-22T05:10:00Z	1.931500	0.907107	0.155117
104	2025-08-22T17:20:00Z	1.132667	0.618927	0.533172
105	2025-08-23T05:30:00Z	1.800000	0.859668	0.259468
106	2025-08-23T17:40:00Z	1.100667	0.607383	0.541499
107	2025-08-24T05:50:00Z	1.636167	0.800565	0.336288
108	2025-08-24T18:00:00Z	1.100000	0.607143	0.538276
109	2025-08-25T06:10:00Z	1.438833	0.729377	0.372952
110	2025-08-25T18:20:00Z	1.115000	0.612554	0.498523
111	2025-08-26T06:30:00Z	1.234500	0.655664	0.376712
112	2025-08-26T18:40:00Z	1.150333	0.625301	0.461993
113	2025-08-27T06:50:00Z	1.039000	0.585137	0.368117
114	2025-08-27T19:00:00Z	1.188000	0.638889	0.426269
115	2025-08-28T07:10:00Z	0.847833	0.516174	0.336557
116	2025-08-28T19:20:00Z	1.209667	0.646705	0.361268
117	2025-08-29T07:30:00Z	0.676500	0.454365	0.278405
118	2025-08-29T19:40:00Z	1.219667	0.650313	0.294118
119	2025-08-30T07:50:00Z	0.523333	0.399110	0.209508
120	2025-08-30T20:00:00Z	1.206000	0.645382	0.222401
121	2025-08-31T08:10:00Z	0.394833	0.352754	0.118721
122	2025-08-31T20:20:00Z	1.186000	0.638167	0.137524
123	2025-09-01T08:30:00Z	0.297000	0.317460	0.015310
124	2025-09-01T20:40:00Z	1.147667	0.624339	0.060704
125	2025-09-02T08:50:00Z	0.213833	0.287458	-0.094145
126	2025-09-02T21:00:00Z	1.089000	0.603175	-0.016922
127	2025-09-03T09:10:00Z	0.163167	0.269180	-0.212194
128	2025-09-03T21:20:00Z	1.037333	0.584536	-0.086221
129	2025-09-04T09:30:00Z	0.156500	0.266775	-0.330782
130	2025-09-04T21:40:00Z	0.970333	0.560366	-0.163846
131	2025-09-05T09:50:00Z	0.177833	0.274471	-0.452055
132	2025-09-05T22:00:00Z	0.898000	0.534271	-0.267526
133	2025-09-06T10:10:00Z	0.267833	0.306938	-0.562718
134	2025-09-06T22:20:00Z	0.866667	0.522968	-0.363954
135	2025-09-07T10:30:00Z	0.422000	0.362554	-0.632554
136	2025-09-07T22:40:00Z	0.856667	0.519360	-0.478646
137	2025-09-08T10:50:00Z	0.611000	0.430736	-0.676202
138	2025-09-08T23:00:00Z	0.899000	0.534632	-0.609186
139	2025-09-09T11:10:00Z	0.838000	0.512626	-0.650282
140	2025-09-09T23:20:00Z	1.012000	0.575397	-0.666667
141	2025-09-10T11:30:00Z	1.048500	0.588564	-0.546334
142	2025-09-10T23:40:00Z	1.170667	0.632636	-0.692721
143	2025-09-11T11:50:00Z	1.213167	0.647968	-0.403707
144	2025-09-12T00:00:00Z	1.380000	0.708153	-0.669621
145	2025-09-12T12:10:00Z	1.303833	0.680676	-0.204942
146	2025-09-13T00:20:00Z	1.564333	0.774651	-0.537738
147	2025-09-13T12:30:00Z	1.296000	0.677850	0.008058
148	2025-09-14T00:40:00Z	1.718000	0.830087	-0.371206
149	2025-09-14T12:50:00Z	1.221000	0.650794	0.202793
150	2025-09-15T01:00:00Z	1.819000	0.866522	-0.168413
151	2025-09-15T13:10:00Z	1.082167	0.600709	0.364088
152	2025-09-16T01:20:00Z	1.796333	0.858345	0.030889
153	2025-09-16T13:30:00Z	0.923000	0.543290	0.466156
154	2025-09-17T01:40:00Z	1.707333	0.826239	0.203331
155	2025-09-17T13:50:00Z	0.780333	0.491823	0.530486
156	2025-09-18T02:00:00Z	1.557000	0.772006	0.343272
157	2025-09-18T14:10:00Z	0.672000	0.452742	0.547408
158	2025-09-19T02:20:00Z	1.355667	0.699375	0.412571
159	2025-09-19T14:30:00Z	0.621000	0.434343	0.535455
160	2025-09-20T02:40:00Z	1.149667	0.625060	0.450175
161	2025-09-20T14:50:00Z	0.614667	0.432059	0.520145
162	2025-09-21T03:00:00Z	0.944000	0.550866	0.467365
163	2025-09-21T15:10:00Z	0.649167	0.444505	0.494225
164	2025-09-22T03:20:00Z	0.762333	0.485329	0.437550
165	2025-09-22T15:30:00Z	0.717000	0.468975	0.454069
166	2025-09-23T03:40:00Z	0.604333	0.428331	0.402901
167	2025-09-23T15:50:00Z	0.794000	0.496753	0.415928
168	2025-09-24T04:00:00Z	0.461000	0.376623	0.366640
169	2025-09-24T16:10:00Z	0.875167	0.526034	0.358045
170	2025-09-25T04:20:00Z	0.366000	0.342352	0.293849
171	2025-09-25T16:30:00Z	0.960000	0.556638	0.287268
172	2025-09-26T04:40:00Z	0.295333	0.316859	0.218909
173	2025-09-26T16:50:00Z	1.029500	0.581710	0.215552
174	2025-09-27T05:00:00Z	0.245000	0.298701	0.136180
175	2025-09-27T17:10:00Z	1.088500	0.602994	0.138867
176	2025-09-28T05:20:00Z	0.249667	0.300385	0.024443
177	2025-09-28T17:30:00Z	1.135500	0.619949	0.062853
178	2025-09-29T05:40:00Z	0.276000	0.309885	-0.092936
179	2025-09-29T17:50:00Z	1.163167	0.629930	-0.011281
180	2025-09-30T06:00:00Z	0.323000	0.326840	-0.224819
181	2025-09-30T18:10:00Z	1.182333	0.636845	-0.086758
182	2025-10-01T06:20:00Z	0.428000	0.364719	-0.355090
183	2025-10-01T18:30:00Z	1.194000	0.641053	-0.160757
184	2025-10-02T06:40:00Z	0.558667	0.411857	-0.474886
185	2025-10-02T18:50:00Z	1.206333	0.645503	-0.250201
186	2025-10-03T07:00:00Z	0.727000	0.472583	-0.584206
187	2025-10-03T19:10:00Z	1.236500	0.656385	-0.338168
188	2025-10-04T07:20:00Z	0.932333	0.546657	-0.617244
189	2025-10-04T19:30:00Z	1.285500	0.674062	-0.415391
190	2025-10-05T07:40:00Z	1.145000	0.623377	-0.605694
191	2025-10-05T19:50:00Z	1.379167	0.707852	-0.491673
192	2025-10-06T08:00:00Z	1.362000	0.701659	-0.543916
193	2025-10-06T20:10:00Z	1.509500	0.754870	-0.523637
194	2025-10-07T08:20:00Z	1.501333	0.751924	-0.385442
195	2025-10-07T20:30:00Z	1.647500	0.804654	-0.506044
196	2025-10-08T08:40:00Z	1.574333	0.778259	-0.204942
197	2025-10-08T20:50:00Z	1.808667	0.862795	-0.447891
198	2025-10-09T09:00:00Z	1.572000	0.777417	-0.004835
199	2025-10-09T21:10:00Z	1.926000	0.905123	-0.330110
200	2025-10-10T09:20:00Z	1.430000	0.726190	0.181574
201	2025-10-10T21:30:00Z	1.964500	0.919012	-0.187752
202	2025-10-11T09:40:00Z	1.234000	0.655483	0.326350
203	2025-10-11T21:50:00Z	1.940333	0.910293	-0.031963
204	2025-10-12T10:00:00Z	1.000000	0.571068	0.426269
205	2025-10-12T22:10:00Z	1.810000	0.863276	0.107843
206	2025-10-13T10:20:00Z	0.754000	0.482323	0.455547
207	2025-10-13T22:30:00Z	1.599500	0.787338	0.208703
208	2025-10-14T10:40:00Z	0.546667	0.407528	0.449637
209	2025-10-14T22:50:00Z	1.344000	0.695166	0.274510
210	2025-10-15T11:00:00Z	0.388000	0.350289	0.421434
211	2025-10-15T23:10:00Z	1.064500	0.594336	0.292372
212	2025-10-16T11:20:00Z	0.309667	0.322030	0.367177
213	2025-10-16T23:30:00Z	0.802500	0.499820	0.266317
214	2025-10-17T11:40:00Z	0.290333	0.315055	0.315874
215	2025-10-17T23:50:00Z	0.564333	0.413901	0.222938
216	2025-10-18T12:00:00Z	0.311000	0.322511	0.271555
217	2025-10-19T00:10:00Z	0.371667	0.344396	0.158340
218	2025-10-19T12:20:00Z	0.403000	0.355700	0.213000
219	2025-10-20T00:30:00Z	0.236000	0.295455	0.089041
220	2025-10-20T12:40:00Z	0.510667	0.394541	0.165458
221	2025-10-21T00:50:00Z	0.122167	0.254389	0.028337
222	2025-10-21T13:00:00Z	0.616000	0.432540	0.122482
223	2025-10-22T01:10:00Z	0.053000	0.229437	-0.033441
224	2025-10-22T13:20:00Z	0.753667	0.482203	0.073865
225	2025-10-23T01:30:00Z	0.030500	0.221320	-0.092264
226	2025-10-23T13:40:00Z	0.867667	0.523329	0.035992
227	2025-10-24T01:50:00Z	0.023333	0.218735	-0.151088
228	2025-10-24T14:00:00Z	0.956000	0.555195	0.000806
229	2025-10-25T02:10:00Z	0.063833	0.233345	-0.219447
230	2025-10-25T14:20:00Z	1.051333	0.589586	-0.026054
231	2025-10-26T02:30:00Z	0.152500	0.265332	-0.286865
232	2025-10-26T14:40:00Z	1.121000	0.614719	-0.045393
233	2025-10-27T02:50:00Z	0.264167	0.305616	-0.358850
234	2025-10-27T15:00:00Z	1.180000	0.636003	-0.067687
235	2025-10-28T03:10:00Z	0.423167	0.362975	-0.422509
236	2025-10-28T15:20:00Z	1.241000	0.658009	-0.077626
237	2025-10-29T03:30:00Z	0.615000	0.432179	-0.457695
238	2025-10-29T15:40:00Z	1.302333	0.680135	-0.093204
239	2025-10-30T03:50:00Z	0.824667	0.507816	-0.471528
240	2025-10-30T16:00:00Z	1.386000	0.710317	-0.115230
241	2025-10-31T04:10:00Z	1.046000	0.587662	-0.432716
242	2025-10-31T16:20:00Z	1.469667	0.740500	-0.121139
243	2025-11-01T04:30:00Z	1.241000	0.658009	-0.339645
244	2025-11-01T16:40:00Z	1.583000	0.781385	-0.125168
245	2025-11-02T04:50:00Z	1.406833	0.717833	-0.205345
246	2025-11-02T17:00:00Z	1.736000	0.836580	-0.108783
247	2025-11-03T05:10:00Z	1.493667	0.749158	-0.026457
248	2025-11-03T17:20:00Z	1.851667	0.878307	-0.069299
249	2025-11-04T05:30:00Z	1.480000	0.744228	0.159952
250	2025-11-04T17:40:00Z	1.975667	0.923040	-0.008327
251	2025-11-05T05:50:00Z	1.390333	0.711881	0.341794
252	2025-11-05T18:00:00Z	2.081000	0.961039	0.083803
253	2025-11-06T06:10:00Z	1.204833	0.644962	0.484958
254	2025-11-06T18:20:00Z	2.077333	0.959716	0.165189
255	2025-11-07T06:30:00Z	0.965000	0.558442	0.567687
256	2025-11-07T18:40:00Z	2.016667	0.937831	0.248724
257	2025-11-08T06:50:00Z	0.714000	0.467893	0.602471
258	2025-11-08T19:00:00Z	1.881000	0.888889	0.318292
259	2025-11-09T07:10:00Z	0.475000	0.381674	0.575208
260	2025-11-09T19:20:00Z	1.653667	0.806878	0.327156
261	2025-11-10T07:30:00Z	0.288000	0.314214	0.498388
262	2025-11-10T19:40:00Z	1.397333	0.714406	0.298147
263	2025-11-11T07:50:00Z	0.163167	0.269180	0.397395
264	2025-11-11T20:00:00Z	1.123000	0.615440	0.229654
265	2025-11-12T08:10:00Z	0.112333	0.250842	0.276793
266	2025-11-12T20:20:00Z	0.883333	0.528980	0.105291
267	2025-11-13T08:30:00Z	0.142000	0.261544	0.152297
268	2025-11-13T20:40:00Z	0.682667	0.456590	-0.028203
269	2025-11-14T08:50:00Z	0.217333	0.288721	0.042439
270	2025-11-14T21:00:00Z	0.518000	0.397186	-0.169218
271	2025-11-15T09:10:00Z	0.346000	0.335137	-0.053183
272	2025-11-15T21:20:00Z	0.432333	0.366282	-0.291969
273	2025-11-16T09:30:00Z	0.510000	0.394300	-0.122079
274	2025-11-16T21:40:00Z	0.371000	0.344156	-0.394037
275	2025-11-17T09:50:00Z	0.668333	0.451419	-0.172844
276	2025-11-17T22:00:00Z	0.327000	0.328283	-0.486704
277	2025-11-18T10:10:00Z	0.830333	0.509861	-0.202525
278	2025-11-18T22:20:00Z	0.343000	0.334055	-0.540156
279	2025-11-19T10:30:00Z	0.976000	0.562410	-0.207091
280	2025-11-19T22:40:00Z	0.367667	0.342953	-0.587698
281	2025-11-20T10:50:00Z	1.085667	0.601972	-0.208300
282	2025-11-20T23:00:00Z	0.411000	0.358586	-0.642224
283	2025-11-21T11:10:00Z	1.174167	0.633899	-0.194467
284	2025-11-21T23:20:00Z	0.506667	0.393098	-0.654042
285	2025-11-22T11:30:00Z	1.232500	0.654942	-0.163981
286	2025-11-22T23:40:00Z	0.612000	0.431097	-0.665324
287	2025-11-23T11:50:00Z	1.272333	0.669312	-0.139269
288	2025-11-24T00:00:00Z	0.740000	0.477273	-0.673650
289	2025-11-24T12:10:00Z	1.304667	0.680976	-0.101800
290	2025-11-25T00:20:00Z	0.883000	0.528860	-0.617513
291	2025-11-25T12:30:00Z	1.330500	0.690296	-0.055197
292	2025-11-26T00:40:00Z	1.020000	0.578283	-0.544722
293	2025-11-26T12:50:00Z	1.372667	0.705507	-0.010341
294	2025-11-27T01:00:00Z	1.155000	0.626984	-0.439968
295	2025-11-27T13:10:00Z	1.425333	0.724507	0.046065
296	2025-11-28T01:20:00Z	1.234000	0.655483	-0.281225
297	2025-11-28T13:30:00Z	1.487500	0.746934	0.102740
298	2025-11-29T01:40:00Z	1.270000	0.668470	-0.107977
299	2025-11-29T13:50:00Z	1.580167	0.780363	0.164249
300	2025-11-30T02:00:00Z	1.247000	0.660173	0.086221
301	2025-11-30T14:10:00Z	1.672667	0.813733	0.229385
302	2025-12-01T02:20:00Z	1.125000	0.616162	0.261886
303	2025-12-01T14:30:00Z	1.752500	0.842532	0.290492
304	2025-12-02T02:40:00Z	0.942000	0.550144	0.419823
305	2025-12-02T14:50:00Z	1.819333	0.866643	0.361402
306	2025-12-03T03:00:00Z	0.704000	0.464286	0.546334
307	2025-12-03T15:10:00Z	1.827167	0.869468	0.422912
308	2025-12-04T03:20:00Z	0.433333	0.366643	0.603814
309	2025-12-04T15:30:00Z	1.770000	0.848846	0.461322
310	2025-12-05T03:40:00Z	0.173333	0.272848	0.611872
311	2025-12-05T15:50:00Z	1.654167	0.807059	0.482138
312	2025-12-06T04:00:00Z	-0.055000	0.190476	0.577760
313	2025-12-06T16:10:00Z	1.480167	0.744288	0.455278
314	2025-12-07T04:20:00Z	-0.195667	0.139731	0.470588
315	2025-12-07T16:30:00Z	1.291000	0.676046	0.375101
316	2025-12-08T04:40:00Z	-0.256000	0.117965	0.342197
317	2025-12-08T16:50:00Z	1.103167	0.608285	0.261886
318	2025-12-09T05:00:00Z	-0.244000	0.122294	0.204674
319	2025-12-09T17:10:00Z	0.956667	0.555435	0.109858
320	2025-12-10T05:20:00Z	-0.116000	0.168470	0.056406
321	2025-12-10T17:30:00Z	0.870500	0.524351	-0.053586
322	2025-12-11T05:40:00Z	0.061333	0.232443	-0.065807
323	2025-12-11T17:50:00Z	0.827833	0.508959	-0.213135
324	2025-12-12T06:00:00Z	0.269000	0.307359	-0.161966
325	2025-12-12T18:10:00Z	0.838333	0.512747	-0.355493
326	2025-12-13T06:20:00Z	0.522667	0.398870	-0.214612
327	2025-12-13T18:30:00Z	0.883000	0.528860	-0.462933
328	2025-12-14T06:40:00Z	0.757667	0.483646	-0.231802
329	2025-12-14T18:50:00Z	0.939000	0.549062	-0.551974
330	2025-12-15T07:00:00Z	0.971000	0.560606	-0.229654
331	2025-12-15T19:10:00Z	1.013333	0.575878	-0.607306
332	2025-12-16T07:20:00Z	1.144333	0.623136	-0.178619
333	2025-12-16T19:30:00Z	1.088500	0.602994	-0.630540
334	2025-12-17T07:40:00Z	1.268333	0.667869	-0.127317
335	2025-12-17T19:50:00Z	1.175333	0.634319	-0.650013
336	2025-12-18T08:00:00Z	1.359000	0.700577	-0.078969
337	2025-12-18T20:10:00Z	1.270500	0.668651	-0.640478
338	2025-12-19T08:20:00Z	1.387667	0.710919	-0.014504
339	2025-12-19T20:30:00Z	1.359500	0.700758	-0.607977
340	2025-12-20T08:40:00Z	1.397667	0.714526	0.034381
341	2025-12-20T20:50:00Z	1.458333	0.736412	-0.570105
342	2025-12-21T09:00:00Z	1.406000	0.717532	0.080580
343	2025-12-21T21:10:00Z	1.540000	0.765873	-0.499328
344	2025-12-22T09:20:00Z	1.377667	0.707311	0.131614
345	2025-12-22T21:30:00Z	1.582500	0.781205	-0.409347
346	2025-12-23T09:40:00Z	1.363667	0.702261	0.177276
347	2025-12-23T21:50:00Z	1.606333	0.789803	-0.305936
348	2025-12-24T10:00:00Z	1.369000	0.704185	0.229654
349	2025-12-24T22:10:00Z	1.570000	0.776696	-0.183454
350	2025-12-25T10:20:00Z	1.358333	0.700337	0.271287
351	2025-12-25T22:30:00Z	1.466500	0.739358	-0.060032
352	2025-12-26T10:40:00Z	1.376000	0.706710	0.313994
353	2025-12-26T22:50:00Z	1.311333	0.683381	0.068359
354	2025-12-27T11:00:00Z	1.413000	0.720058	0.361805
355	2025-12-27T23:10:00Z	1.083000	0.601010	0.187752
356	2025-12-28T11:20:00Z	1.430667	0.726431	0.392425
357	2025-12-28T23:30:00Z	0.799000	0.498557	0.282031
358	2025-12-29T11:40:00Z	1.447000	0.732323	0.422240
359	2025-12-29T23:50:00Z	0.483000	0.384560	0.350255
360	2025-12-30T12:00:00Z	1.435000	0.727994	0.451249
361	2025-12-31T00:10:00Z	0.160500	0.268218	0.370535
362	2025-12-31T12:20:00Z	1.379000	0.707792	0.435670
363	2026-01-01T00:30:00Z	-0.117000	0.168110	0.332796
364	2026-01-01T12:40:00Z	1.290000	0.675685	0.392963
365	2026-01-02T00:50:00Z	-0.341000	0.087302	0.255842
366	2026-01-02T13:00:00Z	1.147000	0.624098	0.335214
367	2026-01-03T01:10:00Z	-0.470333	0.040645	0.134032
368	2026-01-03T13:20:00Z	1.024000	0.579726	0.225893
369	2026-01-04T01:30:00Z	-0.485000	0.035354	-0.011684
370	2026-01-04T13:40:00Z	0.912667	0.539562	0.100188
371	2026-01-05T01:50:00Z	-0.426000	0.056638	-0.152834
372	2026-01-05T14:00:00Z	0.827000	0.508658	-0.041096
373	2026-01-06T02:10:00Z	-0.272500	0.112013	-0.279210
374	2026-01-06T14:20:00Z	0.832333	0.510582	-0.176471
375	2026-01-07T02:30:00Z	-0.045000	0.194084	-0.360999
376	2026-01-07T14:40:00Z	0.874000	0.525613	-0.289820
377	2026-01-08T02:50:00Z	0.194667	0.280544	-0.395380
378	2026-01-08T15:00:00Z	0.952000	0.553752	-0.386785
379	2026-01-09T03:10:00Z	0.457000	0.375180	-0.376175
380	2026-01-09T15:20:00Z	1.074000	0.597763	-0.424389
381	2026-01-10T03:30:00Z	0.701000	0.463203	-0.297744
382	2026-01-10T15:40:00Z	1.196000	0.641775	-0.440236
383	2026-01-11T03:50:00Z	0.903333	0.536195	-0.195138
384	2026-01-11T16:00:00Z	1.329000	0.689755	-0.439968
385	2026-01-12T04:10:00Z	1.058000	0.591991	-0.069433
386	2026-01-12T16:20:00Z	1.442667	0.730760	-0.398066
387	2026-01-13T04:30:00Z	1.151000	0.625541	0.054795
388	2026-01-13T16:40:00Z	1.555333	0.771405	-0.352673
389	2026-01-14T04:50:00Z	1.202167	0.644000	0.165055
390	2026-01-14T17:00:00Z	1.677000	0.815296	-0.297341
391	2026-01-15T05:10:00Z	1.207333	0.645863	0.256916
392	2026-01-15T17:20:00Z	1.752667	0.842593	-0.223207
393	2026-01-16T05:30:00Z	1.180000	0.636003	0.323529
394	2026-01-16T17:40:00Z	1.824000	0.868326	-0.147193
395	2026-01-17T05:50:00Z	1.150833	0.625481	0.381413
396	2026-01-17T18:00:00Z	1.886000	0.890693	-0.057212
397	2026-01-18T06:10:00Z	1.111333	0.611231	0.423852
398	2026-01-18T18:20:00Z	1.873667	0.886243	0.019339
399	2026-01-19T06:30:00Z	1.077000	0.598846	0.451249
400	2026-01-19T18:40:00Z	1.840000	0.874098	0.095353
401	2026-01-20T06:50:00Z	1.064667	0.594396	0.482944
402	2026-01-20T19:00:00Z	1.771000	0.849206	0.175665
403	2026-01-21T07:10:00Z	1.060333	0.592833	0.502686
404	2026-01-21T19:20:00Z	1.620333	0.794853	0.225087
405	2026-01-22T07:30:00Z	1.069500	0.596140	0.508461
406	2026-01-22T19:40:00Z	1.428667	0.725709	0.270749
407	2026-01-23T07:50:00Z	1.097667	0.606301	0.512490
408	2026-01-23T20:00:00Z	1.186000	0.638167	0.307816
409	2026-01-24T08:10:00Z	1.123000	0.615440	0.497045
410	2026-01-24T20:20:00Z	0.889333	0.531145	0.300027
411	2026-01-25T08:30:00Z	1.144000	0.623016	0.455681
412	2026-01-25T20:40:00Z	0.581333	0.420034	0.266183
413	2026-01-26T08:50:00Z	1.148667	0.624699	0.403572
414	2026-01-26T21:00:00Z	0.277000	0.310245	0.196616
415	2026-01-27T09:10:00Z	1.128500	0.617424	0.321918
416	2026-01-27T21:20:00Z	0.040333	0.224868	0.069568
417	2026-01-28T09:30:00Z	1.093500	0.604798	0.215955
418	2026-01-28T21:40:00Z	-0.122667	0.166065	-0.086489
419	2026-01-29T09:50:00Z	1.034333	0.583454	0.094950
420	2026-01-29T22:00:00Z	-0.207000	0.135642	-0.266720
421	2026-01-30T10:10:00Z	0.983667	0.565176	-0.044185
422	2026-01-30T22:20:00Z	-0.146667	0.157407	-0.449637
423	2026-01-31T10:30:00Z	0.959000	0.556277	-0.176873
424	2026-01-31T22:40:00Z	-0.019333	0.203343	-0.605426
425	2026-02-01T10:50:00Z	0.954500	0.554654	-0.307413
426	2026-02-01T23:00:00Z	0.154000	0.265873	-0.734891
427	2026-02-02T11:10:00Z	0.999000	0.570707	-0.410690
428	2026-02-02T23:20:00Z	0.396333	0.353295	-0.768198
429	2026-02-03T11:30:00Z	1.073500	0.597583	-0.464142
430	2026-02-03T23:40:00Z	0.613000	0.431457	-0.744292
431	2026-02-04T11:50:00Z	1.164333	0.630351	-0.499731
432	2026-02-05T00:00:00Z	0.805000	0.500722	-0.676873
433	2026-02-05T12:10:00Z	1.266000	0.667027	-0.487779
434	2026-02-06T00:20:00Z	0.952333	0.553872	-0.515982
435	2026-02-06T12:30:00Z	1.351500	0.697872	-0.440371
436	2026-02-07T00:40:00Z	1.040667	0.585738	-0.346763
437	2026-02-07T12:50:00Z	1.435833	0.728295	-0.386382
438	2026-02-08T01:00:00Z	1.084000	0.601371	-0.176471
439	2026-02-08T13:10:00Z	1.506167	0.753668	-0.306742
440	2026-02-09T01:20:00Z	1.063000	0.593795	-0.002149
441	2026-02-09T13:30:00Z	1.558000	0.772367	-0.214746
442	2026-02-10T01:40:00Z	1.009333	0.574435	0.140478
443	2026-02-10T13:50:00Z	1.610833	0.791426	-0.117244
444	2026-02-11T02:00:00Z	0.933000	0.546898	0.261080
445	2026-02-11T14:10:00Z	1.642667	0.802910	-0.010475
446	2026-02-12T02:20:00Z	0.834333	0.511304	0.342734
447	2026-02-12T14:30:00Z	1.650000	0.805556	0.091459
448	2026-02-13T02:40:00Z	0.740667	0.477513	0.407198
449	2026-02-13T14:50:00Z	1.644333	0.803511	0.194601
450	2026-02-14T03:00:00Z	0.652000	0.445527	0.463336
451	2026-02-14T15:10:00Z	1.603000	0.788600	0.282031
452	2026-02-15T03:20:00Z	0.582333	0.420394	0.493956
453	2026-02-15T15:30:00Z	1.531000	0.762626	0.348509
454	2026-02-16T03:40:00Z	0.533333	0.402718	0.526457
455	2026-02-16T15:50:00Z	1.429333	0.725950	0.409079
456	2026-02-17T04:00:00Z	0.504000	0.392136	0.562450
457	2026-02-17T16:10:00Z	1.283167	0.673220	0.445340
458	2026-02-18T04:20:00Z	0.507000	0.393218	0.564867
459	2026-02-18T16:30:00Z	1.103000	0.608225	0.454069
460	2026-02-19T04:40:00Z	0.538333	0.404521	0.559226
461	2026-02-19T16:50:00Z	0.887000	0.530303	0.449503
462	2026-02-20T05:00:00Z	0.586000	0.421717	0.542305
463	2026-02-20T17:10:00Z	0.649667	0.444685	0.405050
464	2026-02-21T05:20:00Z	0.666667	0.450818	0.474080
465	2026-02-21T17:30:00Z	0.425500	0.363817	0.316277
466	2026-02-22T05:40:00Z	0.754000	0.482323	0.390814
467	2026-02-22T17:50:00Z	0.230000	0.293290	0.192318
468	2026-02-23T06:00:00Z	0.832000	0.510462	0.288477
469	2026-02-23T18:10:00Z	0.110167	0.250060	0.021219
470	2026-02-24T06:20:00Z	0.924333	0.543771	0.155520
471	2026-02-24T18:30:00Z	0.097000	0.245310	-0.179694
472	2026-02-25T06:40:00Z	1.003000	0.572150	0.020414
473	2026-02-25T18:50:00Z	0.175833	0.273749	-0.385173
474	2026-02-26T07:00:00Z	1.074000	0.597763	-0.117647
475	2026-02-26T19:10:00Z	0.359333	0.339947	-0.571448
476	2026-02-27T07:20:00Z	1.160333	0.628908	-0.219178
477	2026-02-27T19:30:00Z	0.607500	0.429473	-0.696213
478	2026-02-28T07:40:00Z	1.244333	0.659211	-0.296804
479	2026-02-28T19:50:00Z	0.870833	0.524471	-0.768198
480	2026-03-01T08:00:00Z	1.348000	0.696609	-0.354553
481	2026-03-01T20:10:00Z	1.122167	0.615139	-0.753559
482	2026-03-02T08:20:00Z	1.429333	0.725950	-0.339780
483	2026-03-02T20:30:00Z	1.306500	0.681638	-0.663175
484	2026-03-03T08:40:00Z	1.509000	0.754690	-0.320978
485	2026-03-03T20:50:00Z	1.433167	0.727333	-0.543782
486	2026-03-04T09:00:00Z	1.598000	0.786797	-0.293312
487	2026-03-04T21:10:00Z	1.481000	0.744589	-0.383965
488	2026-03-05T09:20:00Z	1.623667	0.796056	-0.238517
489	2026-03-05T21:30:00Z	1.448000	0.732684	-0.221998
490	2026-03-06T09:40:00Z	1.650000	0.805556	-0.196347
491	2026-03-06T21:50:00Z	1.381000	0.708514	-0.080312
492	2026-03-07T10:00:00Z	1.677000	0.815296	-0.149073
493	2026-03-07T22:10:00Z	1.263000	0.665945	0.042976
494	2026-03-08T10:20:00Z	1.647000	0.804473	-0.097233
495	2026-03-08T22:30:00Z	1.112500	0.611652	0.132957
496	2026-03-09T10:40:00Z	1.618000	0.794012	-0.040559
497	2026-03-09T22:50:00Z	0.956333	0.555315	0.200913
498	2026-03-10T11:00:00Z	1.579000	0.779942	0.029815
499	2026-03-10T23:10:00Z	0.789833	0.495250	0.245501
500	2026-03-11T11:20:00Z	1.497000	0.750361	0.095890
501	2026-03-11T23:30:00Z	0.627500	0.436688	0.276793
502	2026-03-12T11:40:00Z	1.406000	0.717532	0.164115
503	2026-03-12T23:50:00Z	0.474833	0.381614	0.301638
504	2026-03-13T12:00:00Z	1.294000	0.677128	0.232071
505	2026-03-14T00:10:00Z	0.338667	0.332492	0.320709
506	2026-03-14T12:20:00Z	1.161000	0.629149	0.269138
507	2026-03-15T00:30:00Z	0.232500	0.294192	0.330782
508	2026-03-15T12:40:00Z	1.012333	0.575517	0.298147
509	2026-03-16T00:50:00Z	0.151167	0.264851	0.340451
510	2026-03-16T13:00:00Z	0.831000	0.510101	0.317486
511	2026-03-17T01:10:00Z	0.109833	0.249940	0.334542
512	2026-03-17T13:20:00Z	0.649000	0.444444	0.297609
513	2026-03-18T01:30:00Z	0.124000	0.255051	0.311039
514	2026-03-18T13:40:00Z	0.443333	0.370250	0.265646
515	2026-03-19T01:50:00Z	0.166667	0.270443	0.280016
516	2026-03-19T14:00:00Z	0.217000	0.288600	0.209508
517	2026-03-20T02:10:00Z	0.257667	0.303271	0.224013
518	2026-03-20T14:20:00Z	0.054000	0.229798	0.101800
519	2026-03-21T02:30:00Z	0.396500	0.353355	0.148670
520	2026-03-21T14:40:00Z	-0.062333	0.187831	-0.032501
521	2026-03-22T02:50:00Z	0.541500	0.405664	0.069030
522	2026-03-22T15:00:00Z	-0.107000	0.171717	-0.194198
523	2026-03-23T03:10:00Z	0.709833	0.466390	-0.017996
524	2026-03-23T15:20:00Z	0.014333	0.215488	-0.362611
525	2026-03-24T03:30:00Z	0.887000	0.530303	-0.082998
526	2026-03-24T15:40:00Z	0.225000	0.291486	-0.501209
527	2026-03-25T03:50:00Z	1.046333	0.587783	-0.126645
528	2026-03-25T16:00:00Z	0.514000	0.395743	-0.602740
529	2026-03-26T04:10:00Z	1.199167	0.642917	-0.130406
530	2026-03-26T16:20:00Z	0.853333	0.518158	-0.603814
531	2026-03-27T04:30:00Z	1.323000	0.687590	-0.093070
532	2026-03-27T16:40:00Z	1.161000	0.629149	-0.543379
533	2026-03-28T04:50:00Z	1.434833	0.727934	-0.037335
534	2026-03-28T17:00:00Z	1.418000	0.721861	-0.427881
535	2026-03-29T05:10:00Z	1.516667	0.757456	0.039619
536	2026-03-29T17:20:00Z	1.545333	0.767797	-0.254633
537	2026-03-30T05:30:00Z	1.564500	0.774711	0.107977
538	2026-03-30T17:40:00Z	1.588333	0.783309	-0.084609
539	2026-03-31T05:50:00Z	1.615833	0.793230	0.165055
540	2026-03-31T18:00:00Z	1.566000	0.775253	0.082192
541	2026-04-01T06:10:00Z	1.639000	0.801587	0.202122
542	2026-04-01T18:20:00Z	1.442333	0.730640	0.204674
543	2026-04-02T06:30:00Z	1.643500	0.803211	0.209508
544	2026-04-02T18:40:00Z	1.309333	0.682660	0.294655
545	2026-04-03T06:50:00Z	1.656500	0.807900	0.213806
546	2026-04-03T19:00:00Z	1.172000	0.633117	0.358582
547	2026-04-04T07:10:00Z	1.643833	0.803331	0.207494
548	2026-04-04T19:20:00Z	1.013000	0.575758	0.374966
549	2026-04-05T07:30:00Z	1.611000	0.791486	0.198227
550	2026-04-05T19:40:00Z	0.868667	0.523689	0.378458
551	2026-04-06T07:50:00Z	1.566333	0.775373	0.200376
552	2026-04-06T20:00:00Z	0.728000	0.472944	0.371475
553	2026-04-07T08:10:00Z	1.486167	0.746453	0.199973
554	2026-04-07T20:20:00Z	0.582000	0.420274	0.339511
555	2026-04-08T08:30:00Z	1.380500	0.708333	0.188155
556	2026-04-08T20:40:00Z	0.443000	0.370130	0.300564
557	2026-04-09T08:50:00Z	1.257333	0.663901	0.174859
558	2026-04-09T21:00:00Z	0.307000	0.321068	0.258662
559	2026-04-10T09:10:00Z	1.114000	0.612193	0.143433
560	2026-04-10T21:20:00Z	0.201333	0.282949	0.195541
561	2026-04-11T09:30:00Z	0.964500	0.558261	0.101531
562	2026-04-11T21:40:00Z	0.120667	0.253848	0.136180
563	2026-04-12T09:50:00Z	0.793833	0.496693	0.053452
564	2026-04-12T22:00:00Z	0.065000	0.233766	0.074134
565	2026-04-13T10:10:00Z	0.614667	0.432059	-0.010475
566	2026-04-13T22:20:00Z	0.087000	0.241703	0.001880
567	2026-04-14T10:30:00Z	0.436500	0.367785	-0.090250
568	2026-04-14T22:40:00Z	0.148667	0.263949	-0.071716
569	2026-04-15T10:50:00Z	0.250667	0.300746	-0.198093
570	2026-04-15T23:00:00Z	0.244000	0.298341	-0.153102
571	2026-04-16T11:10:00Z	0.112500	0.250902	-0.337094
572	2026-04-16T23:20:00Z	0.425333	0.363757	-0.227236
573	2026-04-17T11:30:00Z	0.057000	0.230880	-0.486704
574	2026-04-17T23:40:00Z	0.615000	0.432179	-0.285791
575	2026-04-18T11:50:00Z	0.079333	0.238937	-0.646253
576	2026-04-19T00:00:00Z	0.805000	0.500722	-0.333602
577	2026-04-19T12:10:00Z	0.229167	0.292989	-0.772495
578	2026-04-20T00:20:00Z	1.003667	0.572391	-0.307816
579	2026-04-20T12:30:00Z	0.473000	0.380952	-0.821112
580	2026-04-21T00:40:00Z	1.154000	0.626623	-0.248993
581	2026-04-21T12:50:00Z	0.763667	0.485810	-0.809965
582	2026-04-22T01:00:00Z	1.272000	0.669192	-0.158743
583	2026-04-22T13:10:00Z	1.060667	0.592953	-0.698630
584	2026-04-23T01:20:00Z	1.326000	0.688672	-0.013967
585	2026-04-23T13:30:00Z	1.286500	0.674423	-0.510475
586	2026-04-24T01:40:00Z	1.348000	0.696609	0.127317
587	2026-04-24T13:50:00Z	1.426333	0.724868	-0.291029
588	2026-04-25T02:00:00Z	1.359000	0.700577	0.266720
589	2026-04-25T14:10:00Z	1.442500	0.730700	-0.055197
590	2026-04-26T02:20:00Z	1.327667	0.689274	0.365028
591	2026-04-26T14:30:00Z	1.346500	0.696068	0.145044
592	2026-04-27T02:40:00Z	1.315000	0.684704	0.430835
593	2026-04-27T14:50:00Z	1.192000	0.640332	0.307816
594	2026-04-28T03:00:00Z	1.317000	0.685426	0.473006
595	2026-04-28T15:10:00Z	0.993500	0.568723	0.410287
596	2026-04-29T03:20:00Z	1.317000	0.685426	0.457695
597	2026-04-29T15:30:00Z	0.797500	0.498016	0.461322
598	2026-04-30T03:40:00Z	1.335667	0.692160	0.439162
599	2026-04-30T15:50:00Z	0.625500	0.435967	0.489122
600	2026-05-01T04:00:00Z	1.356000	0.699495	0.422240
601	2026-05-01T16:10:00Z	0.480500	0.383658	0.488719
602	2026-05-02T04:20:00Z	1.357000	0.699856	0.384636
603	2026-05-02T16:30:00Z	0.366000	0.342352	0.469380
604	2026-05-03T04:40:00Z	1.346333	0.696008	0.353747
605	2026-05-03T16:50:00Z	0.268833	0.307299	0.446414
606	2026-05-04T05:00:00Z	1.314000	0.684343	0.327961
607	2026-05-04T17:10:00Z	0.186167	0.277477	0.403438
608	2026-05-05T05:20:00Z	1.265000	0.666667	0.271824
609	2026-05-05T17:30:00Z	0.123500	0.254870	0.340048
610	2026-05-06T05:40:00Z	1.205000	0.645022	0.216492
611	2026-05-06T17:50:00Z	0.067000	0.234488	0.269272
612	2026-05-07T06:00:00Z	1.132000	0.618687	0.153908
613	2026-05-07T18:10:00Z	0.032833	0.222162	0.182380
614	2026-05-08T06:20:00Z	1.061000	0.593074	0.077626
615	2026-05-08T18:30:00Z	0.032500	0.222042	0.084206
616	2026-05-09T06:40:00Z	0.976667	0.562650	-0.005103
617	2026-05-09T18:50:00Z	0.055000	0.230159	-0.015445
618	2026-05-10T07:00:00Z	0.876000	0.526335	-0.106366
619	2026-05-10T19:10:00Z	0.128333	0.256614	-0.121005
620	2026-05-11T07:20:00Z	0.788000	0.494589	-0.221864
621	2026-05-11T19:30:00Z	0.261500	0.304654	-0.217164
622	2026-05-12T07:40:00Z	0.703667	0.464165	-0.359925
623	2026-05-12T19:50:00Z	0.429833	0.365380	-0.304862
624	2026-05-13T08:00:00Z	0.650000	0.444805	-0.530218
625	2026-05-13T20:10:00Z	0.649000	0.444444	-0.364894
626	2026-05-14T08:20:00Z	0.675333	0.453944	-0.668815
627	2026-05-14T20:30:00Z	0.882000	0.528499	-0.373892
628	2026-05-15T08:40:00Z	0.768000	0.487374	-0.796938
629	2026-05-15T20:50:00Z	1.100667	0.607383	-0.353478
630	2026-05-16T09:00:00Z	0.950000	0.553030	-0.896857
631	2026-05-16T21:10:00Z	1.282333	0.672920	-0.272630
632	2026-05-17T09:20:00Z	1.178667	0.635522	-0.873758
633	2026-05-17T21:30:00Z	1.386500	0.710498	-0.145447
634	2026-05-18T09:40:00Z	1.420667	0.722823	-0.793715
635	2026-05-18T21:50:00Z	1.431833	0.726852	-0.003626
636	2026-05-19T10:00:00Z	1.647000	0.804473	-0.647059
637	2026-05-19T22:10:00Z	1.401500	0.715909	0.155385
638	2026-05-20T10:20:00Z	1.735333	0.836340	-0.426001
639	2026-05-20T22:30:00Z	1.310000	0.682900	0.292103
640	2026-05-21T10:40:00Z	1.724333	0.832371	-0.204405
641	2026-05-21T22:50:00Z	1.211500	0.647367	0.404781
642	2026-05-22T11:00:00Z	1.606000	0.789683	0.009670
643	2026-05-22T23:10:00Z	1.102833	0.608165	0.474886
644	2026-05-23T11:20:00Z	1.354667	0.699014	0.162235
645	2026-05-23T23:30:00Z	1.018500	0.577742	0.500000
646	2026-05-24T11:40:00Z	1.064667	0.594396	0.264840
647	2026-05-24T23:50:00Z	0.972500	0.561147	0.504029
648	2026-05-25T12:00:00Z	0.759000	0.484127	0.324738
649	2026-05-26T00:10:00Z	0.956500	0.555375	0.480258
650	2026-05-26T12:20:00Z	0.481333	0.383959	0.325275
651	2026-05-27T00:30:00Z	0.972000	0.560967	0.439968
652	2026-05-27T12:40:00Z	0.252000	0.301227	0.307548
653	2026-05-28T00:50:00Z	0.998667	0.570587	0.399812
654	2026-05-28T13:00:00Z	0.065000	0.233766	0.284448
655	2026-05-29T01:10:00Z	1.026833	0.580748	0.350792
656	2026-05-29T13:20:00Z	-0.049000	0.192641	0.234757
657	2026-05-30T01:30:00Z	1.055000	0.590909	0.292103
658	2026-05-30T13:40:00Z	-0.129000	0.163781	0.189363
659	2026-05-31T01:50:00Z	1.064000	0.594156	0.240263
660	2026-05-31T14:00:00Z	-0.195000	0.139971	0.145044
661	2026-06-01T02:10:00Z	1.064333	0.594276	0.183320
662	2026-06-01T14:20:00Z	-0.202000	0.137446	0.081117
663	2026-06-02T02:30:00Z	1.062000	0.593434	0.128928
664	2026-06-02T14:40:00Z	-0.203333	0.136965	0.017996
665	2026-06-03T02:50:00Z	1.044167	0.587001	0.079237
666	2026-06-03T15:00:00Z	-0.201000	0.137807	-0.049154
667	2026-06-04T03:10:00Z	1.030000	0.581890	0.025920
668	2026-06-04T15:20:00Z	-0.135333	0.161496	-0.129734
669	2026-06-05T03:30:00Z	1.022000	0.579004	-0.032635
670	2026-06-05T15:40:00Z	-0.050333	0.192160	-0.203868
671	2026-06-06T03:50:00Z	1.011000	0.575036	-0.104889
672	2026-06-06T16:00:00Z	0.063000	0.233045	-0.278002
673	2026-06-07T04:10:00Z	1.017833	0.577501	-0.194333
674	2026-06-07T16:20:00Z	0.254667	0.302189	-0.323932
675	2026-06-08T04:30:00Z	1.045500	0.587482	-0.291297
676	2026-06-08T16:40:00Z	0.468333	0.379269	-0.343809
677	2026-06-09T04:50:00Z	1.102833	0.608165	-0.402632
678	2026-06-09T17:00:00Z	0.705000	0.464646	-0.336019
679	2026-06-10T05:10:00Z	1.209833	0.646765	-0.497583
680	2026-06-10T17:20:00Z	0.940000	0.549423	-0.258125
681	2026-06-11T05:30:00Z	1.358000	0.700216	-0.553586
682	2026-06-11T17:40:00Z	1.134667	0.619649	-0.149611
683	2026-06-12T05:50:00Z	1.560000	0.773088	-0.572791
684	2026-06-12T18:00:00Z	1.283000	0.673160	-0.007252
685	2026-06-13T06:10:00Z	1.776167	0.851070	-0.518265
686	2026-06-13T18:20:00Z	1.317333	0.685546	0.160623
687	2026-06-14T06:30:00Z	1.956500	0.916126	-0.404512
688	2026-06-14T18:40:00Z	1.286000	0.674242	0.318023
689	2026-06-15T06:50:00Z	2.100833	0.968194	-0.245770
690	2026-06-15T19:00:00Z	1.200000	0.643218	0.467365
691	2026-06-16T07:10:00Z	2.130833	0.979016	-0.063658
692	2026-06-16T19:20:00Z	1.046000	0.587662	0.553317
693	2026-06-17T07:30:00Z	2.036500	0.944986	0.097905
694	2026-06-17T19:40:00Z	0.901667	0.535594	0.607843
695	2026-06-18T07:50:00Z	1.849333	0.877465	0.233951
696	2026-06-18T20:00:00Z	0.777000	0.490620	0.630943
697	2026-06-19T08:10:00Z	1.563333	0.774291	0.310099
698	2026-06-19T20:20:00Z	0.685333	0.457552	0.595219
699	2026-06-20T08:30:00Z	1.233000	0.655123	0.320306
700	2026-06-20T20:40:00Z	0.644000	0.442641	0.543110
701	2026-06-21T08:50:00Z	0.901000	0.535354	0.287940
702	2026-06-21T21:00:00Z	0.640000	0.441198	0.480258
703	2026-06-22T09:10:00Z	0.596667	0.425565	0.210449
704	2026-06-22T21:20:00Z	0.682333	0.456469	0.383562
705	2026-06-23T09:30:00Z	0.358000	0.339466	0.105157
706	2026-06-23T21:40:00Z	0.748000	0.480159	0.290357
707	2026-06-24T09:50:00Z	0.174667	0.273329	0.000537
708	2026-06-24T22:00:00Z	0.813000	0.503608	0.198227
709	2026-06-25T10:10:00Z	0.060667	0.232203	-0.105829
710	2026-06-25T22:20:00Z	0.903667	0.536316	0.103680
711	2026-06-26T10:30:00Z	0.012500	0.214827	-0.199839
712	2026-06-26T22:40:00Z	0.973000	0.561328	0.027129
713	2026-06-27T10:50:00Z	-0.011500	0.206169	-0.283374
714	2026-06-27T23:00:00Z	1.016000	0.576840	-0.041902
715	2026-06-28T11:10:00Z	0.004333	0.211881	-0.361268
716	2026-06-28T23:20:00Z	1.063000	0.593795	-0.087564
717	2026-06-29T11:30:00Z	0.052000	0.229076	-0.428687
718	2026-06-29T23:40:00Z	1.083333	0.601130	-0.124631
719	2026-06-30T11:50:00Z	0.098500	0.245851	-0.496777
